{"producer":{"name":"Blender","version":"2.93.3","exporter_version":"2.93.5","file":"marowak.babylon"},
"autoClear":true,"clearColor":[0.0509,0.0509,0.0509],"gravity":[0,-9.81,0],
"materials":[{"name":"marowakmesh","id":"marowakmesh","customType":"BABYLON.PBRMaterial","emissive":[0,0,0],"reflectivity":[0.5,0.5,0.5],"roughness":0.5,"alpha":1,"transparencyMode":0,"alphaCutOff":0.4,"metallic":0, 
"albedoTexture":{"name":"marrowakimage.png","level":1,"hasAlpha":true,"coordinatesMode":0,"uOffset":0,"vOffset":0,"uScale":1,"vScale":1,"uAng":0,"vAng":0,"wAng":0,"wrapU":1,"wrapV":1,"coordinatesIndex":0},"useAlphaFromAlbedoTexture":true}],
"skeletons":[{"name":"Armature","id":0,"dimensionsAtRest":[4.6332,4.3097,4.4904],"bones":[
{"name":"corp","index":0,"matrix":[-0.8252,0.0157,0.5646,0,-0.0134,-0.9999,0.0082,0,-0.5647,0.0008,-0.8253,0,-0.0327,3.0781,0,1],"rest":[-0.8252,0.0157,0.5646,0,-0.0134,-0.9999,0.0082,0,-0.5647,0.0008,-0.8253,0,-0.0327,3.0781,0,1],"parentBoneIndex":-1,"length":1
,"animation":
{"name":"anim","property":"_matrix","dataType":3,"framePerSecond":24,"loopBehavior":1,"keys":[
{"frame":1,"values":[-0.8252,0.0157,0.5646,0,-0.0134,-0.9999,0.0082,0,-0.5647,0.0008,-0.8253,0,-0.0327,3.0781,0,1]},
{"frame":32,"values":[-0.8252,0.0157,0.5646,0,-0.0134,-0.9999,0.0082,0,-0.5647,0.0008,-0.8253,0,-0.0327,3.0781,0,1]}]}},
{"name":"corp2","index":1,"matrix":[1,0.0096,0,0,-0.0096,0.9999,0.0033,0,0,-0.0033,1,0,0,1,0,1],"rest":[1,0.0096,0,0,-0.0096,0.9999,0.0033,0,0,-0.0033,1,0,0,1,0,1],"parentBoneIndex":0,"length":1.4736
,"animation":
{"name":"anim","property":"_matrix","dataType":3,"framePerSecond":24,"loopBehavior":1,"keys":[
{"frame":1,"values":[1,0.0096,0,0,-0.0096,0.9999,0.0033,0,0,-0.0033,1,0,0,1,0,1]},
{"frame":32,"values":[1,0.0096,0,0,-0.0096,0.9999,0.0033,0,0,-0.0033,1,0,0,1,0,1]}]}},
{"name":"queue","index":2,"matrix":[0.8209,0.1128,0.5598,0,0.5281,0.2231,-0.8194,0,-0.2173,0.9682,0.1236,0,0.7402,1.1972,-1.0995,1],"rest":[0.8209,0.1128,0.5598,0,0.5281,0.2231,-0.8194,0,-0.2173,0.9682,0.1236,0,0.7402,1.1972,-1.0995,1],"parentBoneIndex":1,"length":1.0511
,"animation":
{"name":"anim","property":"_matrix","dataType":3,"framePerSecond":24,"loopBehavior":1,"keys":[
{"frame":1,"values":[0.8209,0.1128,0.5598,0,0.5281,0.2231,-0.8194,0,-0.2173,0.9682,0.1236,0,0.7402,1.1972,-1.0995,1]},
{"frame":2,"values":[0.8191,0.1128,0.5625,0,0.5307,0.2231,-0.8176,0,-0.2177,0.9682,0.1229,0,0.7402,1.1972,-1.0995,1]},
{"frame":3,"values":[0.814,0.1128,0.5698,0,0.5381,0.2232,-0.8128,0,-0.2189,0.9682,0.121,0,0.7402,1.1972,-1.0995,1]},
{"frame":4,"values":[0.8062,0.1128,0.5807,0,0.549,0.2233,-0.8055,0,-0.2205,0.9682,0.1181,0,0.7402,1.1972,-1.0995,1]},
{"frame":5,"values":[0.7964,0.1128,0.5941,0,0.5623,0.2234,-0.7962,0,-0.2225,0.9682,0.1145,0,0.7402,1.1972,-1.0995,1]},
{"frame":6,"values":[0.7853,0.1128,0.6088,0,0.5769,0.2235,-0.7856,0,-0.2247,0.9681,0.1104,0,0.7402,1.1972,-1.0995,1]},
{"frame":7,"values":[0.7734,0.1128,0.6238,0,0.5919,0.2237,-0.7744,0,-0.2269,0.9681,0.1062,0,0.7402,1.1972,-1.0995,1]},
{"frame":8,"values":[0.7617,0.1128,0.638,0,0.6062,0.2238,-0.7632,0,-0.2289,0.9681,0.1021,0,0.7402,1.1972,-1.0995,1]},
{"frame":9,"values":[0.751,0.1128,0.6506,0,0.6188,0.2239,-0.753,0,-0.2306,0.9681,0.0984,0,0.7402,1.1972,-1.0995,1]},
{"frame":10,"values":[0.7421,0.1128,0.6607,0,0.6288,0.224,-0.7446,0,-0.232,0.968,0.0953,0,0.7402,1.1972,-1.0995,1]},
{"frame":11,"values":[0.7361,0.1128,0.6674,0,0.6355,0.2241,-0.7389,0,-0.2329,0.968,0.0933,0,0.7402,1.1972,-1.0995,1]},
{"frame":12,"values":[0.7339,0.1127,0.6698,0,0.6379,0.2241,-0.7368,0,-0.2332,0.968,0.0926,0,0.7402,1.1972,-1.0995,1]},
{"frame":13,"values":[0.7367,0.1128,0.6667,0,0.6348,0.2241,-0.7394,0,-0.2328,0.968,0.0935,0,0.7402,1.1972,-1.0995,1]},
{"frame":14,"values":[0.7444,0.1128,0.6581,0,0.6262,0.224,-0.7468,0,-0.2316,0.968,0.0961,0,0.7402,1.1972,-1.0995,1]},
{"frame":15,"values":[0.7559,0.1128,0.6449,0,0.613,0.2239,-0.7577,0,-0.2298,0.9681,0.1001,0,0.7402,1.1972,-1.0995,1]},
{"frame":16,"values":[0.7699,0.1128,0.6281,0,0.5962,0.2237,-0.771,0,-0.2275,0.9681,0.105,0,0.7402,1.1972,-1.0995,1]},
{"frame":17,"values":[0.7854,0.1128,0.6086,0,0.5768,0.2235,-0.7857,0,-0.2247,0.9681,0.1105,0,0.7402,1.1972,-1.0995,1]},
{"frame":18,"values":[0.8013,0.1128,0.5876,0,0.5558,0.2233,-0.8008,0,-0.2216,0.9682,0.1162,0,0.7402,1.1972,-1.0995,1]},
{"frame":19,"values":[0.8166,0.1128,0.5661,0,0.5344,0.2231,-0.8153,0,-0.2183,0.9682,0.1219,0,0.7402,1.1972,-1.0995,1]},
{"frame":20,"values":[0.8305,0.1128,0.5455,0,0.5138,0.223,-0.8284,0,-0.2151,0.9683,0.1272,0,0.7402,1.1972,-1.0995,1]},
{"frame":21,"values":[0.8423,0.1128,0.527,0,0.4954,0.2228,-0.8396,0,-0.2121,0.9683,0.1318,0,0.7402,1.1972,-1.0995,1]},
{"frame":22,"values":[0.8515,0.1128,0.5121,0,0.4806,0.2227,-0.8482,0,-0.2097,0.9683,0.1354,0,0.7402,1.1972,-1.0995,1]},
{"frame":23,"values":[0.8574,0.1128,0.5022,0,0.4708,0.2226,-0.8537,0,-0.2081,0.9684,0.1377,0,0.7402,1.1972,-1.0995,1]},
{"frame":24,"values":[0.8595,0.1128,0.4986,0,0.4672,0.2226,-0.8557,0,-0.2075,0.9684,0.1386,0,0.7402,1.1972,-1.0995,1]},
{"frame":25,"values":[0.8579,0.1128,0.5013,0,0.4699,0.2226,-0.8542,0,-0.2079,0.9684,0.138,0,0.7402,1.1972,-1.0995,1]},
{"frame":26,"values":[0.8537,0.1128,0.5083,0,0.4769,0.2226,-0.8503,0,-0.2091,0.9684,0.1363,0,0.7402,1.1972,-1.0995,1]},
{"frame":27,"values":[0.8477,0.1128,0.5183,0,0.4867,0.2227,-0.8447,0,-0.2107,0.9683,0.1339,0,0.7402,1.1972,-1.0995,1]},
{"frame":28,"values":[0.8407,0.1128,0.5295,0,0.498,0.2228,-0.8381,0,-0.2125,0.9683,0.1312,0,0.7402,1.1972,-1.0995,1]},
{"frame":29,"values":[0.8336,0.1128,0.5407,0,0.5091,0.2229,-0.8313,0,-0.2143,0.9683,0.1284,0,0.7402,1.1972,-1.0995,1]},
{"frame":30,"values":[0.8272,0.1128,0.5504,0,0.5187,0.223,-0.8253,0,-0.2159,0.9683,0.126,0,0.7402,1.1972,-1.0995,1]},
{"frame":31,"values":[0.8227,0.1128,0.5572,0,0.5255,0.2231,-0.821,0,-0.2169,0.9683,0.1242,0,0.7402,1.1972,-1.0995,1]},
{"frame":32,"values":[0.8209,0.1128,0.5598,0,0.5281,0.2231,-0.8194,0,-0.2173,0.9682,0.1236,0,0.7402,1.1972,-1.0995,1]}]}},
{"name":"jambR","index":3,"matrix":[-0.1732,0.2814,0.9438,0,-0.1525,0.9391,-0.308,0,-0.973,-0.1973,-0.1198,0,1.0292,0.7165,0.8603,1],"rest":[-0.1732,0.2814,0.9438,0,-0.1525,0.9391,-0.308,0,-0.973,-0.1973,-0.1198,0,1.0292,0.7165,0.8603,1],"parentBoneIndex":1,"length":1.2098
,"animation":
{"name":"anim","property":"_matrix","dataType":3,"framePerSecond":24,"loopBehavior":1,"keys":[
{"frame":1,"values":[-0.1732,0.2814,0.9438,0,-0.1525,0.9391,-0.308,0,-0.973,-0.1973,-0.1198,0,1.0292,0.7165,0.8603,1]},
{"frame":32,"values":[-0.1732,0.2814,0.9438,0,-0.1525,0.9391,-0.308,0,-0.973,-0.1973,-0.1198,0,1.0292,0.7165,0.8603,1]}]}},
{"name":"jambL","index":4,"matrix":[-0.3613,0.1762,-0.9156,0,0.1744,0.9774,0.1193,0,0.916,-0.1166,-0.3839,0,-1.2193,0.7022,-0.8243,1],"rest":[-0.3613,0.1762,-0.9156,0,0.1744,0.9774,0.1193,0,0.916,-0.1166,-0.3839,0,-1.2193,0.7022,-0.8243,1],"parentBoneIndex":1,"length":1.1802
,"animation":
{"name":"anim","property":"_matrix","dataType":3,"framePerSecond":24,"loopBehavior":1,"keys":[
{"frame":1,"values":[-0.3613,0.1762,-0.9156,0,0.1744,0.9774,0.1193,0,0.916,-0.1166,-0.3839,0,-1.2193,0.7022,-0.8243,1]},
{"frame":32,"values":[-0.3613,0.1762,-0.9156,0,0.1744,0.9774,0.1193,0,0.916,-0.1166,-0.3839,0,-1.2193,0.7022,-0.8243,1]}]}},
{"name":"brasR","index":5,"matrix":[-0.4022,0.9107,-0.0939,0,0.7312,0.3812,0.5657,0,0.551,0.1588,-0.8192,0,0.4344,0.2013,0.3907,1],"rest":[-0.4022,0.9107,-0.0939,0,0.7312,0.3812,0.5657,0,0.551,0.1588,-0.8192,0,0.4344,0.2013,0.3907,1],"parentBoneIndex":0,"length":1.8327
,"animation":
{"name":"anim","property":"_matrix","dataType":3,"framePerSecond":24,"loopBehavior":1,"keys":[
{"frame":1,"values":[-0.4022,0.9107,-0.0939,0,0.7312,0.3812,0.5657,0,0.551,0.1588,-0.8192,0,0.4344,0.2013,0.3907,1]},
{"frame":13,"values":[-0.4024,0.9107,-0.0928,0,0.7328,0.3812,0.5636,0,0.5487,0.1588,-0.8208,0,0.4344,0.2013,0.3907,1]},
{"frame":14,"values":[-0.4032,0.9107,-0.0897,0,0.7373,0.3813,0.5576,0,0.542,0.1587,-0.8252,0,0.4344,0.2013,0.3907,1]},
{"frame":15,"values":[-0.4042,0.9107,-0.0849,0,0.7441,0.3814,0.5485,0,0.5319,0.1585,-0.8318,0,0.4344,0.2013,0.3907,1]},
{"frame":16,"values":[-0.4054,0.9107,-0.079,0,0.7524,0.3815,0.537,0,0.5192,0.1583,-0.8399,0,0.4344,0.2013,0.3907,1]},
{"frame":17,"values":[-0.4067,0.9107,-0.0722,0,0.7616,0.3816,0.5238,0,0.5046,0.1581,-0.8488,0,0.4344,0.2013,0.3907,1]},
{"frame":18,"values":[-0.408,0.9107,-0.0649,0,0.7711,0.3818,0.5096,0,0.4889,0.1578,-0.8579,0,0.4344,0.2013,0.3907,1]},
{"frame":19,"values":[-0.4091,0.9107,-0.0577,0,0.7803,0.3819,0.4953,0,0.4731,0.1576,-0.8668,0,0.4344,0.2013,0.3907,1]},
{"frame":20,"values":[-0.41,0.9107,-0.0509,0,0.7888,0.382,0.4816,0,0.458,0.1573,-0.8749,0,0.4344,0.2013,0.3907,1]},
{"frame":21,"values":[-0.4107,0.9106,-0.0448,0,0.796,0.3821,0.4694,0,0.4446,0.1571,-0.8819,0,0.4344,0.2013,0.3907,1]},
{"frame":22,"values":[-0.4112,0.9106,-0.04,0,0.8017,0.3822,0.4596,0,0.4338,0.1569,-0.8872,0,0.4344,0.2013,0.3907,1]},
{"frame":23,"values":[-0.4116,0.9106,-0.0368,0,0.8054,0.3823,0.4531,0,0.4266,0.1568,-0.8907,0,0.4344,0.2013,0.3907,1]},
{"frame":24,"values":[-0.4117,0.9106,-0.0356,0,0.8067,0.3823,0.4507,0,0.424,0.1568,-0.892,0,0.4344,0.2013,0.3907,1]},
{"frame":25,"values":[-0.4114,0.9106,-0.0382,0,0.8038,0.3822,0.4559,0,0.4297,0.1569,-0.8892,0,0.4344,0.2013,0.3907,1]},
{"frame":26,"values":[-0.4107,0.9106,-0.0448,0,0.796,0.3821,0.4694,0,0.4446,0.1571,-0.8819,0,0.4344,0.2013,0.3907,1]},
{"frame":27,"values":[-0.4096,0.9107,-0.0542,0,0.7846,0.382,0.4883,0,0.4654,0.1575,-0.871,0,0.4344,0.2013,0.3907,1]},
{"frame":28,"values":[-0.408,0.9107,-0.0649,0,0.7711,0.3818,0.5096,0,0.4889,0.1578,-0.8579,0,0.4344,0.2013,0.3907,1]},
{"frame":29,"values":[-0.4061,0.9107,-0.0756,0,0.7569,0.3816,0.5306,0,0.5121,0.1582,-0.8443,0,0.4344,0.2013,0.3907,1]},
{"frame":30,"values":[-0.4042,0.9107,-0.0849,0,0.7441,0.3814,0.5485,0,0.5319,0.1585,-0.8318,0,0.4344,0.2013,0.3907,1]},
{"frame":31,"values":[-0.4027,0.9107,-0.0914,0,0.7348,0.3813,0.561,0,0.5458,0.1588,-0.8227,0,0.4344,0.2013,0.3907,1]},
{"frame":32,"values":[-0.4022,0.9107,-0.0939,0,0.7312,0.3812,0.5657,0,0.551,0.1588,-0.8192,0,0.4344,0.2013,0.3907,1]}]}},
{"name":"Bone","index":6,"matrix":[0.9861,-0.121,0.1143,0,0.1201,0.0421,-0.9919,0,0.1152,0.9918,0.0561,0,0,1.8327,0,1],"rest":[0.9861,-0.121,0.1143,0,0.1201,0.0421,-0.9919,0,0.1152,0.992,0.0561,0,0,1.8327,0,1],"parentBoneIndex":5,"length":1.7259
,"animation":
{"name":"anim","property":"_matrix","dataType":3,"framePerSecond":24,"loopBehavior":1,"keys":[
{"frame":1,"values":[0.9861,-0.121,0.1143,0,0.1201,0.0421,-0.9919,0,0.1152,0.9918,0.0561,0,0,1.8327,0,1]},
{"frame":32,"values":[0.9861,-0.121,0.1143,0,0.1201,0.0421,-0.9919,0,0.1152,0.9918,0.0561,0,0,1.8327,0,1]}]}},
{"name":"brasL","index":7,"matrix":[0.0849,-0.7815,-0.6181,0,-0.7794,0.3344,-0.5299,0,0.6208,0.5267,-0.5807,0,-0.794,0.138,-0.5354,1],"rest":[0.0849,-0.7815,-0.6181,0,-0.7794,0.3344,-0.5299,0,0.6208,0.5267,-0.5807,0,-0.794,0.138,-0.5354,1],"parentBoneIndex":0,"length":1.4876
,"animation":
{"name":"anim","property":"_matrix","dataType":3,"framePerSecond":24,"loopBehavior":1,"keys":[
{"frame":1,"values":[0.0849,-0.7815,-0.6181,0,-0.7794,0.3344,-0.5299,0,0.6208,0.5267,-0.5807,0,-0.794,0.138,-0.5354,1]},
{"frame":2,"values":[0.0806,-0.7797,-0.621,0,-0.7776,0.3406,-0.5286,0,0.6236,0.5255,-0.5788,0,-0.794,0.138,-0.5354,1]},
{"frame":3,"values":[0.069,-0.7744,-0.6289,0,-0.7725,0.3574,-0.5249,0,0.6313,0.522,-0.5735,0,-0.794,0.138,-0.5354,1]},
{"frame":4,"values":[0.0518,-0.7661,-0.6406,0,-0.7644,0.3824,-0.5191,0,0.6427,0.5165,-0.5658,0,-0.794,0.138,-0.5354,1]},
{"frame":5,"values":[0.0307,-0.7551,-0.6549,0,-0.7536,0.413,-0.5115,0,0.6567,0.5092,-0.5563,0,-0.794,0.138,-0.5354,1]},
{"frame":6,"values":[0.0075,-0.7417,-0.6706,0,-0.7405,0.4465,-0.5022,0,0.672,0.5004,-0.5459,0,-0.794,0.138,-0.5354,1]},
{"frame":7,"values":[-0.016,-0.7269,-0.6866,0,-0.726,0.4806,-0.4919,0,0.6875,0.4906,-0.5354,0,-0.794,0.138,-0.5354,1]},
{"frame":8,"values":[-0.0383,-0.7115,-0.7017,0,-0.7109,0.5129,-0.4813,0,0.7023,0.4804,-0.5254,0,-0.794,0.138,-0.5354,1]},
{"frame":9,"values":[-0.0578,-0.6968,-0.7149,0,-0.6965,0.5412,-0.4712,0,0.7152,0.4707,-0.5167,0,-0.794,0.138,-0.5354,1]},
{"frame":10,"values":[-0.0733,-0.6844,-0.7254,0,-0.6844,0.5636,-0.4626,0,0.7254,0.4625,-0.5097,0,-0.794,0.138,-0.5354,1]},
{"frame":11,"values":[-0.0835,-0.6759,-0.7323,0,-0.676,0.5784,-0.4567,0,0.7322,0.4568,-0.5052,0,-0.794,0.138,-0.5354,1]},
{"frame":12,"values":[-0.0872,-0.6727,-0.7348,0,-0.6728,0.5837,-0.4545,0,0.7346,0.4547,-0.5035,0,-0.794,0.138,-0.5354,1]},
{"frame":13,"values":[-0.0876,-0.6747,-0.7329,0,-0.6772,0.5799,-0.4529,0,0.7306,0.4566,-0.5077,0,-0.794,0.138,-0.5354,1]},
{"frame":14,"values":[-0.0884,-0.6803,-0.7276,0,-0.6891,0.5692,-0.4485,0,0.7193,0.4617,-0.5191,0,-0.794,0.138,-0.5354,1]},
{"frame":15,"values":[-0.0891,-0.6889,-0.7193,0,-0.7068,0.5525,-0.4416,0,0.7017,0.4691,-0.5362,0,-0.794,0.138,-0.5354,1]},
{"frame":16,"values":[-0.0892,-0.6999,-0.7086,0,-0.7286,0.5309,-0.4327,0,0.6791,0.4777,-0.5573,0,-0.794,0.138,-0.5354,1]},
{"frame":17,"values":[-0.0881,-0.7126,-0.696,0,-0.7525,0.5054,-0.4222,0,0.6526,0.4865,-0.5808,0,-0.794,0.138,-0.5354,1]},
{"frame":18,"values":[-0.0855,-0.7264,-0.682,0,-0.777,0.4771,-0.4107,0,0.6237,0.4948,-0.6052,0,-0.794,0.138,-0.5354,1]},
{"frame":19,"values":[-0.081,-0.7404,-0.6672,0,-0.8004,0.4472,-0.3991,0,0.5939,0.5018,-0.6289,0,-0.794,0.138,-0.5354,1]},
{"frame":20,"values":[-0.0744,-0.7542,-0.6524,0,-0.8216,0.4171,-0.3885,0,0.5652,0.5071,-0.6507,0,-0.794,0.138,-0.5354,1]},
{"frame":21,"values":[-0.0659,-0.7671,-0.6382,0,-0.8395,0.3883,-0.3801,0,0.5394,0.5107,-0.6695,0,-0.794,0.138,-0.5354,1]},
{"frame":22,"values":[-0.0555,-0.7785,-0.6252,0,-0.8531,0.3623,-0.3754,0,0.5187,0.5126,-0.6843,0,-0.794,0.138,-0.5354,1]},
{"frame":23,"values":[-0.0434,-0.7881,-0.6141,0,-0.862,0.3403,-0.3758,0,0.5051,0.513,-0.694,0,-0.794,0.138,-0.5354,1]},
{"frame":24,"values":[-0.0299,-0.7954,-0.6053,0,-0.8651,0.3239,-0.3829,0,0.5006,0.5123,-0.6978,0,-0.794,0.138,-0.5354,1]},
{"frame":25,"values":[-0.0142,-0.7994,-0.6006,0,-0.862,0.3142,-0.3978,0,0.5067,0.5121,-0.6936,0,-0.794,0.138,-0.5354,1]},
{"frame":26,"values":[0.0036,-0.7999,-0.6001,0,-0.8533,0.3105,-0.419,0,0.5215,0.5135,-0.6814,0,-0.794,0.138,-0.5354,1]},
{"frame":27,"values":[0.0224,-0.7979,-0.6024,0,-0.8403,0.3114,-0.4437,0,0.5416,0.5162,-0.6635,0,-0.794,0.138,-0.5354,1]},
{"frame":28,"values":[0.041,-0.7943,-0.6062,0,-0.8248,0.3155,-0.4692,0,0.5639,0.5192,-0.6422,0,-0.794,0.138,-0.5354,1]},
{"frame":29,"values":[0.0579,-0.79,-0.6104,0,-0.8087,0.3214,-0.4927,0,0.5854,0.5222,-0.6202,0,-0.794,0.138,-0.5354,1]},
{"frame":30,"values":[0.0719,-0.7858,-0.6143,0,-0.794,0.3276,-0.512,0,0.6036,0.5246,-0.6004,0,-0.794,0.138,-0.5354,1]},
{"frame":31,"values":[0.0814,-0.7827,-0.617,0,-0.7834,0.3325,-0.5251,0,0.6161,0.5261,-0.5862,0,-0.794,0.138,-0.5354,1]},
{"frame":32,"values":[0.0849,-0.7815,-0.6181,0,-0.7794,0.3344,-0.5299,0,0.6208,0.5267,-0.5807,0,-0.794,0.138,-0.5354,1]}]}},
{"name":"Tete","index":8,"matrix":[0.5972,-0.5131,0.6165,0,-0.5402,0.3109,0.782,0,-0.5929,-0.8,-0.0915,0,0.1469,-1.4431,-0.1661,1],"rest":[0.5972,-0.5131,0.6165,0,-0.5402,0.3109,0.782,0,-0.5929,-0.8,-0.0915,0,0.1469,-1.4431,-0.1661,1],"parentBoneIndex":0,"length":2.4697
,"animation":
{"name":"anim","property":"_matrix","dataType":3,"framePerSecond":24,"loopBehavior":1,"keys":[
{"frame":1,"values":[0.5972,-0.5131,0.6165,0,-0.5402,0.3109,0.782,0,-0.5929,-0.8,-0.0915,0,0.1469,-1.4431,-0.1661,1]},
{"frame":2,"values":[0.5935,-0.5148,0.6186,0,-0.5434,0.3107,0.7799,0,-0.5937,-0.799,-0.0953,0,0.1469,-1.4431,-0.1661,1]},
{"frame":3,"values":[0.5834,-0.5194,0.6244,0,-0.552,0.3103,0.7739,0,-0.5957,-0.7962,-0.1057,0,0.1469,-1.4431,-0.1661,1]},
{"frame":4,"values":[0.5682,-0.5262,0.6327,0,-0.5649,0.3097,0.7649,0,-0.5984,-0.7919,-0.1213,0,0.1469,-1.4431,-0.1661,1]},
{"frame":5,"values":[0.549,-0.5346,0.6425,0,-0.5805,0.3091,0.7533,0,-0.6013,-0.7865,-0.1407,0,0.1469,-1.4431,-0.1661,1]},
{"frame":6,"values":[0.5272,-0.5439,0.6528,0,-0.5977,0.3087,0.7399,0,-0.604,-0.7803,-0.1623,0,0.1469,-1.4431,-0.1661,1]},
{"frame":7,"values":[0.5044,-0.5534,0.6628,0,-0.615,0.3086,0.7256,0,-0.6061,-0.7737,-0.1847,0,0.1469,-1.4431,-0.1661,1]},
{"frame":8,"values":[0.482,-0.5624,0.6718,0,-0.6314,0.3087,0.7114,0,-0.6074,-0.7671,-0.2063,0,0.1469,-1.4431,-0.1661,1]},
{"frame":9,"values":[0.4617,-0.5704,0.6794,0,-0.6458,0.3089,0.6982,0,-0.6081,-0.7611,-0.2257,0,0.1469,-1.4431,-0.1661,1]},
{"frame":10,"values":[0.445,-0.5768,0.685,0,-0.6572,0.3093,0.6874,0,-0.6083,-0.7561,-0.2414,0,0.1469,-1.4431,-0.1661,1]},
{"frame":11,"values":[0.4338,-0.581,0.6887,0,-0.6647,0.3096,0.68,0,-0.6083,-0.7527,-0.2518,0,0.1469,-1.4431,-0.1661,1]},
{"frame":12,"values":[0.4297,-0.5825,0.6899,0,-0.6674,0.3098,0.6772,0,-0.6082,-0.7515,-0.2556,0,0.1469,-1.4431,-0.1661,1]},
{"frame":13,"values":[0.4357,-0.5804,0.6879,0,-0.6635,0.3093,0.6813,0,-0.6082,-0.7533,-0.2503,0,0.1469,-1.4431,-0.1661,1]},
{"frame":14,"values":[0.4522,-0.5747,0.6821,0,-0.6525,0.3082,0.6923,0,-0.608,-0.7581,-0.2356,0,0.1469,-1.4431,-0.1661,1]},
{"frame":15,"values":[0.4769,-0.5658,0.6727,0,-0.6356,0.3066,0.7085,0,-0.6071,-0.7654,-0.2133,0,0.1469,-1.4431,-0.1661,1]},
{"frame":16,"values":[0.5074,-0.5543,0.6597,0,-0.6136,0.3051,0.7283,0,-0.605,-0.7744,-0.1853,0,0.1469,-1.4431,-0.1661,1]},
{"frame":17,"values":[0.5414,-0.541,0.6436,0,-0.5877,0.3039,0.7498,0,-0.6012,-0.7842,-0.1535,0,0.1469,-1.4431,-0.1661,1]},
{"frame":18,"values":[0.5765,-0.5266,0.6248,0,-0.5593,0.3032,0.7715,0,-0.5957,-0.7942,-0.1198,0,0.1469,-1.4431,-0.1661,1]},
{"frame":19,"values":[0.6105,-0.5118,0.6044,0,-0.53,0.3031,0.792,0,-0.5886,-0.8038,-0.0862,0,0.1469,-1.4431,-0.1661,1]},
{"frame":20,"values":[0.6416,-0.4977,0.5837,0,-0.5015,0.3036,0.8101,0,-0.5804,-0.8125,-0.0548,0,0.1469,-1.4431,-0.1661,1]},
{"frame":21,"values":[0.668,-0.485,0.5644,0,-0.4759,0.3045,0.8251,0,-0.572,-0.8198,-0.0274,0,0.1469,-1.4431,-0.1661,1]},
{"frame":22,"values":[0.6885,-0.4748,0.5482,0,-0.4552,0.3056,0.8363,0,-0.5646,-0.8253,-0.0058,0,0.1469,-1.4431,-0.1661,1]},
{"frame":23,"values":[0.7017,-0.4681,0.5372,0,-0.4413,0.3064,0.8434,0,-0.5594,-0.8289,0.0084,0,0.1469,-1.4431,-0.1661,1]},
{"frame":24,"values":[0.7063,-0.4656,0.5332,0,-0.4363,0.3067,0.8459,0,-0.5574,-0.8301,0.0135,0,0.1469,-1.4431,-0.1661,1]},
{"frame":25,"values":[0.7019,-0.4678,0.5371,0,-0.441,0.3068,0.8434,0,-0.5593,-0.8289,0.0091,0,0.1469,-1.4431,-0.1661,1]},
{"frame":26,"values":[0.6902,-0.4733,0.5474,0,-0.4532,0.3069,0.8369,0,-0.5641,-0.8257,-0.0026,0,0.1469,-1.4431,-0.1661,1]},
{"frame":27,"values":[0.6733,-0.481,0.5614,0,-0.4703,0.3073,0.8273,0,-0.5705,-0.8211,-0.0193,0,0.1469,-1.4431,-0.1661,1]},
{"frame":28,"values":[0.6535,-0.4898,0.577,0,-0.4895,0.308,0.8158,0,-0.5773,-0.8156,-0.0385,0,0.1469,-1.4431,-0.1661,1]},
{"frame":29,"values":[0.6332,-0.4985,0.5921,0,-0.5084,0.3089,0.8038,0,-0.5835,-0.81,-0.0579,0,0.1469,-1.4431,-0.1661,1]},
{"frame":30,"values":[0.6152,-0.5059,0.6047,0,-0.5246,0.3098,0.793,0,-0.5885,-0.805,-0.0748,0,0.1469,-1.4431,-0.1661,1]},
{"frame":31,"values":[0.6022,-0.5111,0.6133,0,-0.5359,0.3106,0.7851,0,-0.5918,-0.8014,-0.0869,0,0.1469,-1.4431,-0.1661,1]},
{"frame":32,"values":[0.5972,-0.5131,0.6165,0,-0.5402,0.3109,0.782,0,-0.5929,-0.8,-0.0915,0,0.1469,-1.4431,-0.1661,1]}]}}]
,"ranges":[{"name":"stand","from":0,"to":32}]}],
"meshes":[{"name":"marowak","id":"marowak","materialId":"marowakmesh","billboardMode":0,"position":[0,0,0],"rotation":[0,0,0],"scaling":[1,1,1],"isVisible":true,"isEnabled":true,"pickable":false,"skeletonId":0,"numBoneInfluencers":7
,"positions":[-2.4489,2.3728,-2.2997,-2.2646,2.3085,-2.1903,-2.2739,2.434,-2.2709,-2.3351,2.5252,-2.2903,-2.4489,2.3728,-2.2997,-2.2739,2.434,-2.2709,-2.5111,2.5702,-2.2883,-2.3351,2.5252,-2.2903,-2.3254,2.6028,-2.253,-2.5392,2.6597,-2.1942,-2.3254,2.6028,-2.253,-2.3186,2.6896,-2.1688,-2.1226,1.8499,-2.2903,-2.3032,1.9097,-2.2997,-2.2675,1.7963,-2.338,-2.1226,1.8499,-2.2903,-2.2411,1.7123,-2.2883
,-2.0702,1.7917,-2.253,-2.5392,2.6597,-2.1942,-2.3318,2.7287,-2.0774,-2.5545,2.7084,-2.0779,-2.0702,1.7917,-2.253,-2.2129,1.6228,-2.1942,-2.0149,1.7246,-2.1688,-2.1226,1.8499,-2.2903,-2.0038,1.9754,-2.1661,-2.1246,1.9596,-2.2709,-2.5545,2.7084,-2.0779,-2.3661,2.7069,-1.9718,-2.5522,2.7009,-1.9485,-2.0149,1.7246,-2.1688,-2.0038,1.9754,-2.1661,-2.0702,1.7917,-2.253,-2.0034,1.6849,-2.0774
,-2.2129,1.6228,-2.1942,-2.1976,1.5741,-2.0779,-2.1006,1.8023,-1.8356,-2.1999,1.5815,-1.9485,-2.246,1.728,-1.802,-2.0439,1.6832,-1.9718,-2.1976,1.5741,-2.0779,-2.1999,1.5815,-1.9485,-2.2345,2.1858,-1.0849,-2.2692,2.2888,-1.3329,-2.2154,2.1918,-1.3416,-2.3611,2.2885,-0.6243,-2.427,2.303,-0.9935,-2.3603,2.3086,-1.0254,-2.2482,2.1815,-0.6641,-2.2887,2.2776,-1.0657,-2.2345,2.1858,-1.0849
,-2.294,2.2585,-0.6513,-2.3603,2.3086,-1.0254,-2.2887,2.2776,-1.0657,-2.2482,2.1815,-0.6641,-2.2263,2.0795,-1.0657,-2.2416,2.0922,-0.6513,-2.3601,2.2349,0.5589,-2.4075,2.241,0.2522,-2.3629,2.2444,0.2544,-2.3601,2.2349,0.5589,-2.3055,2.2165,0.2567,-2.3147,2.2098,0.5634,-2.2781,2.1721,0.2582,-2.3147,2.2098,0.5634,-2.3055,2.2165,0.2567,-2.3578,2.2272,0.8071,-2.3761,2.1412,0.8545
,-2.4022,2.2241,0.8235,-2.2416,2.0922,-0.6513,-2.2673,2.0131,-1.0254,-2.2795,2.0291,-0.6243,-2.2942,2.167,0.8152,-2.3761,2.1412,0.8545,-2.3221,2.2043,0.8136,-2.2865,2.1202,0.5634,-2.2781,2.1721,0.2582,-2.2751,2.12,0.2567,-2.2795,2.0291,-0.6243,-2.3251,1.9793,-0.9935,-2.3312,1.9988,-0.6032,-2.3119,2.0812,0.8071,-2.3761,2.1412,0.8545,-2.2957,2.1204,0.8136,-2.2751,2.12,0.2567
,-2.3093,2.0736,0.5589,-2.2865,2.1202,0.5634,-2.3447,2.0414,0.2522,-2.3093,2.0736,0.5589,-2.3062,2.0642,0.2544,-2.6295,2.4325,-2.2903,-2.4489,2.3728,-2.2997,-2.4846,2.4862,-2.338,-2.3032,1.9097,-2.2997,-2.4877,1.9739,-2.1903,-2.4784,1.8483,-2.2709,-2.6295,2.4325,-2.2903,-2.5111,2.5702,-2.2883,-2.6819,2.4906,-2.253,-2.6295,2.4325,-2.2903,-2.7483,2.307,-2.1661,-2.6277,2.3226,-2.2709
,-2.417,1.7573,-2.2903,-2.3032,1.9097,-2.2997,-2.4784,1.8483,-2.2709,-2.6819,2.4906,-2.253,-2.5392,2.6597,-2.1942,-2.7374,2.5578,-2.1688,-2.2411,1.7123,-2.2883,-2.417,1.7573,-2.2903,-2.4267,1.6795,-2.253,-2.5863,1.7921,-2.1661,-2.417,1.7573,-2.2903,-2.4784,1.8483,-2.2709,-2.2129,1.6228,-2.1942,-2.4267,1.6795,-2.253,-2.4337,1.5928,-2.1688,-2.2129,1.6228,-2.1942,-2.4203,1.5537,-2.0774
,-2.1976,1.5741,-2.0779,-2.1976,1.5741,-2.0779,-2.3861,1.5755,-1.9718,-2.1999,1.5815,-1.9485,-2.504,2.101,-0.6641,-2.5258,2.203,-1.0657,-2.5105,2.1903,-0.6513,-2.4634,2.0048,-1.0657,-2.504,2.101,-0.6641,-2.4582,2.024,-0.6513,-2.391,1.994,-0.6243,-2.3251,1.9793,-0.9935,-2.3919,1.9739,-1.0254,-2.5105,2.1903,-0.6513,-2.4849,2.2694,-1.0254,-2.4727,2.2534,-0.6243,-2.4582,2.024,-0.6513
,-2.3919,1.9739,-1.0254,-2.4634,2.0048,-1.0657,-2.4727,2.2534,-0.6243,-2.427,2.303,-0.9935,-2.4209,2.2836,-0.6032,-2.392,2.0475,0.5589,-2.3447,2.0414,0.2522,-2.3893,2.0381,0.2544,-2.392,2.0475,0.5589,-2.4467,2.066,0.2567,-2.4375,2.0727,0.5634,-2.4657,2.1622,0.5634,-2.474,2.1104,0.2582,-2.477,2.1625,0.2567,-2.3761,2.1412,0.8545,-2.3943,2.0552,0.8071,-2.43,2.0781,0.8136
,-2.4375,2.0727,0.5634,-2.474,2.1104,0.2582,-2.4652,2.1132,0.565,-2.458,2.1155,0.8152,-2.3761,2.1412,0.8545,-2.43,2.0781,0.8136,-2.4428,2.2089,0.5589,-2.4075,2.241,0.2522,-2.4045,2.2317,0.5669,-2.4428,2.2089,0.5589,-2.477,2.1625,0.2567,-2.4459,2.2182,0.2544,-2.3761,2.1412,0.8545,-2.4403,2.2013,0.8071,-2.4022,2.2241,0.8235,-2.1659,2.4903,-2.1661,-2.3351,2.5252,-2.2903
,-2.2739,2.434,-2.2709,-2.1659,2.4903,-2.1661,-2.3186,2.6896,-2.1688,-2.3254,2.6028,-2.253,-2.2646,2.3085,-2.1903,-2.1659,2.4903,-2.1661,-2.2739,2.434,-2.2709,-2.2646,2.3085,-2.1903,-2.3761,2.1412,-2.1939,-2.2393,2.1843,-2.1559,-2.1889,2.068,-2.1903,-2.3761,2.1412,-2.1939,-2.3385,2.022,-2.225,-2.1889,2.068,-2.1903,-2.3032,1.9097,-2.2997,-2.1246,1.9596,-2.2709,-2.2887,2.2776,-1.0657
,-2.352,2.3419,-1.3102,-2.2692,2.2888,-1.3329,-2.2345,2.1858,-1.0849,-2.204,2.0815,-1.3329,-2.2263,2.0795,-1.0657,-2.2263,2.0795,-1.0657,-2.2414,1.9904,-1.3102,-2.2673,2.0131,-1.0254,-2.5522,2.7009,-1.9485,-2.3443,2.5769,-1.8356,-2.5061,2.5545,-1.802,-2.2692,2.2888,-1.3329,-2.3445,2.4009,-1.4982,-2.2355,2.3411,-1.5198,-2.2692,2.2888,-1.3329,-2.1699,2.2061,-1.5223,-2.2154,2.1918,-1.3416
,-2.1699,2.2061,-1.5223,-2.204,2.0815,-1.3329,-2.2154,2.1918,-1.3416,-2.204,2.0815,-1.3329,-2.2015,1.9464,-1.4982,-2.2414,1.9904,-1.3102,-2.0941,2.0297,-1.6195,-2.2015,1.9464,-1.4982,-2.1464,2.0579,-1.5198,-2.1999,1.5815,-1.9485,-2.4078,1.7056,-1.8356,-2.246,1.728,-1.802,-2.4142,1.8027,-1.6857,-2.246,1.728,-1.802,-2.4078,1.7056,-1.8356,-2.5061,2.5545,-1.802,-2.338,2.4797,-1.6857
,-2.4828,2.4803,-1.6634,-2.151,1.8855,-1.6857,-2.246,1.728,-1.802,-2.2694,1.8022,-1.6634,-2.5258,2.203,-1.0657,-2.5108,2.2919,-1.3102,-2.4849,2.2694,-1.0254,-2.3603,2.3086,-1.0254,-2.4391,2.3415,-1.2967,-2.352,2.3419,-1.3102,-2.4849,2.2694,-1.0254,-2.4391,2.3415,-1.2967,-2.427,2.303,-0.9935,-2.5507,2.336,-1.4982,-2.4828,2.4803,-1.6634,-2.4584,2.403,-1.4859,-2.5108,2.2919,-1.3102
,-2.4584,2.403,-1.4859,-2.4391,2.3415,-1.2967,-2.4828,2.4803,-1.6634,-2.3445,2.4009,-1.4982,-2.4584,2.403,-1.4859,-2.352,2.3419,-1.3102,-2.4584,2.403,-1.4859,-2.3445,2.4009,-1.4982,-2.6581,2.2527,-1.6195,-2.5507,2.336,-1.4982,-2.6058,2.2246,-1.5198,-2.5507,2.336,-1.4982,-2.5483,2.201,-1.3329,-2.6058,2.2246,-1.5198,-2.4002,1.9404,-1.3102,-2.4634,2.0048,-1.0657,-2.3919,1.9739,-1.0254
,-2.3919,1.9739,-1.0254,-2.313,1.9408,-1.2967,-2.4002,1.9404,-1.3102,-2.2673,2.0131,-1.0254,-2.313,1.9408,-1.2967,-2.3251,1.9793,-0.9935,-2.2694,1.8022,-1.6634,-2.4077,1.8816,-1.4982,-2.2937,1.8795,-1.4859,-2.2937,1.8795,-1.4859,-2.4002,1.9404,-1.3102,-2.313,1.9408,-1.2967,-2.2015,1.9464,-1.4982,-2.2694,1.8022,-1.6634,-2.2937,1.8795,-1.4859,-2.2414,1.9904,-1.3102,-2.2937,1.8795,-1.4859
,-2.313,1.9408,-1.2967,-2.5177,2.0967,-1.0849,-2.5483,2.201,-1.3329,-2.5258,2.203,-1.0657,-2.4831,1.9936,-1.3329,-2.5177,2.0967,-1.0849,-2.4634,2.0048,-1.0657,-2.5823,2.0763,-1.5223,-2.5483,2.201,-1.3329,-2.5367,2.0907,-1.3416,-2.4831,1.9936,-1.3329,-2.5823,2.0763,-1.5223,-2.5367,2.0907,-1.3416,-2.4077,1.8816,-1.4982,-2.4831,1.9936,-1.3329,-2.4002,1.9404,-1.3102,-2.3761,2.1412,-2.1939
,-2.5634,2.2145,-2.1903,-2.5128,2.0982,-2.1559,-2.5634,2.2145,-2.1903,-2.4489,2.3728,-2.2997,-2.6277,2.3226,-2.2709,-2.4877,1.9739,-2.1903,-2.3761,2.1412,-2.1939,-2.5128,2.0982,-2.1559,-2.3861,1.5755,-1.9718,-2.4203,1.5537,-2.0774,-2.5841,1.7063,-1.9161,-2.5863,1.7921,-2.1661,-2.4337,1.5928,-2.1688,-2.4267,1.6795,-2.253,-2.4203,1.5537,-2.0774,-2.6188,1.7375,-2.0292,-2.5841,1.7063,-1.9161
,-2.3318,2.7287,-2.0774,-2.1334,2.5447,-2.0292,-2.168,2.5762,-1.9161,-2.168,2.5762,-1.9161,-2.3661,2.7069,-1.9718,-2.3318,2.7287,-2.0774,-2.1334,2.5447,-2.0292,-2.1308,2.3468,-2.0776,-2.1044,2.389,-1.9123,-2.168,2.5762,-1.9161,-2.1044,2.389,-1.9123,-2.182,2.4472,-1.7191,-2.3443,2.5769,-1.8356,-2.168,2.5762,-1.9161,-2.182,2.4472,-1.7191,-2.182,2.4472,-1.7191,-2.338,2.4797,-1.6857
,-2.3443,2.5769,-1.8356,-2.1333,2.2176,-1.6117,-2.1464,2.0579,-1.5198,-2.1699,2.2061,-1.5223,-2.2355,2.3411,-1.5198,-2.1333,2.2176,-1.6117,-2.1699,2.2061,-1.5223,-2.3445,2.4009,-1.4982,-2.2088,2.3941,-1.6195,-2.2355,2.3411,-1.5198,-1.946,1.9493,-2.0292,-2.0034,1.6849,-2.0774,-1.9564,1.9038,-1.9161,-2.0034,1.6849,-2.0774,-2.0439,1.6832,-1.9718,-1.9564,1.9038,-1.9161,-2.1889,2.068,-2.1903
,-2.0038,1.9754,-2.1661,-2.0572,2.1132,-2.0776,-2.2393,2.1843,-2.1559,-2.0572,2.1132,-2.0776,-2.113,2.224,-2.0458,-1.946,1.9493,-2.0292,-2.0572,2.1132,-2.0776,-2.0038,1.9754,-2.1661,-2.1308,2.3468,-2.0776,-2.2393,2.1843,-2.1559,-2.113,2.224,-2.0458,-1.9564,1.9038,-1.9161,-2.1006,1.8023,-1.8356,-2.0418,2.0016,-1.7191,-2.151,1.8855,-1.6857,-2.0418,2.0016,-1.7191,-2.1006,1.8023,-1.8356
,-2.1044,2.389,-1.9123,-2.113,2.224,-2.0458,-2.0682,2.2381,-1.8922,-2.0115,2.0937,-1.9123,-2.113,2.224,-2.0458,-2.0572,2.1132,-2.0776,-2.0967,2.2291,-1.7011,-2.0115,2.0937,-1.9123,-2.0418,2.0016,-1.7191,-2.1044,2.389,-1.9123,-2.0967,2.2291,-1.7011,-2.182,2.4472,-1.7191,-2.0967,2.2291,-1.7011,-2.2088,2.3941,-1.6195,-2.182,2.4472,-1.7191,-2.0941,2.0297,-1.6195,-2.0967,2.2291,-1.7011
,-2.0418,2.0016,-1.7191,-1.9564,1.9038,-1.9161,-2.0115,2.0937,-1.9123,-1.946,1.9493,-2.0292,-2.4077,1.8816,-1.4982,-2.5435,1.8883,-1.6195,-2.5166,1.9414,-1.5198,-2.6188,2.0648,-1.6117,-2.6058,2.2246,-1.5198,-2.5823,2.0763,-1.5223,-2.5166,1.9414,-1.5198,-2.6188,2.0648,-1.6117,-2.5823,2.0763,-1.5223,-2.4078,1.7056,-1.8356,-2.5841,1.7063,-1.9161,-2.5703,1.8353,-1.7191,-2.5703,1.8353,-1.7191
,-2.4142,1.8027,-1.6857,-2.4078,1.7056,-1.8356,-2.4877,1.9739,-2.1903,-2.5863,1.7921,-2.1661,-2.4784,1.8483,-2.2709,-2.6188,1.7375,-2.0292,-2.6214,1.9356,-2.0776,-2.6479,1.8934,-1.9123,-2.5841,1.7063,-1.9161,-2.6479,1.8934,-1.9123,-2.5703,1.8353,-1.7191,-2.5634,2.2145,-2.1903,-2.7483,2.307,-2.1661,-2.6949,2.1693,-2.0776,-2.6479,1.8934,-1.9123,-2.6554,2.0533,-1.7011,-2.5703,1.8353,-1.7191
,-2.5128,2.0982,-2.1559,-2.6949,2.1693,-2.0776,-2.6391,2.0585,-2.0458,-2.6214,1.9356,-2.0776,-2.5128,2.0982,-2.1559,-2.6391,2.0585,-2.0458,-2.6554,2.0533,-1.7011,-2.5435,1.8883,-1.6195,-2.5703,1.8353,-1.7191,-2.6479,1.8934,-1.9123,-2.6391,2.0585,-2.0458,-2.6841,2.0443,-1.8922,-2.7374,2.5578,-2.1688,-2.7483,2.307,-2.1661,-2.6819,2.4906,-2.253,-2.7488,2.5975,-2.0774,-2.5392,2.6597,-2.1942
,-2.5545,2.7084,-2.0779,-2.7083,2.5993,-1.9718,-2.5545,2.7084,-2.0779,-2.5522,2.7009,-1.9485,-2.6516,2.4802,-1.8356,-2.5522,2.7009,-1.9485,-2.5061,2.5545,-1.802,-2.6011,2.3969,-1.6857,-2.5061,2.5545,-1.802,-2.4828,2.4803,-1.6634,-2.8062,2.333,-2.0292,-2.7488,2.5975,-2.0774,-2.7957,2.3787,-1.9161,-2.6011,2.3969,-1.6857,-2.7105,2.2808,-1.7191,-2.6516,2.4802,-1.8356,-2.8062,2.333,-2.0292
,-2.6949,2.1693,-2.0776,-2.7483,2.307,-2.1661,-2.7408,2.1887,-1.9123,-2.6391,2.0585,-2.0458,-2.6949,2.1693,-2.0776,-2.6554,2.0533,-1.7011,-2.7408,2.1887,-1.9123,-2.7105,2.2808,-1.7191,-2.6581,2.2527,-1.6195,-2.6554,2.0533,-1.7011,-2.7105,2.2808,-1.7191,-2.6516,2.4802,-1.8356,-2.7957,2.3787,-1.9161,-2.7083,2.5993,-1.9718,-2.7957,2.3787,-1.9161,-2.7408,2.1887,-1.9123,-2.8062,2.333,-2.0292
,-2.7083,2.5993,-1.9718,-2.7957,2.3787,-1.9161,-2.7488,2.5975,-2.0774,-2.474,2.1104,0.2582,-2.477,2.1625,0.2567,-2.474,2.1104,0.2582,-2.4467,2.066,0.2567,-2.4467,2.066,0.2567,-2.391,1.994,-0.6243,-2.4582,2.024,-0.6513,-2.3893,2.0381,0.2544,-2.3312,1.9988,-0.6032,-2.3062,2.0642,0.2544,-2.3447,2.0414,0.2522,-2.2751,2.12,0.2567,-2.3062,2.0642,0.2544,-2.2781,2.1721,0.2582
,-2.2751,2.12,0.2567,-2.2781,2.1721,0.2582,-2.294,2.2585,-0.6513,-2.3055,2.2165,0.2567,-2.3611,2.2885,-0.6243,-2.3629,2.2444,0.2544,-2.4209,2.2836,-0.6032,-2.4459,2.2182,0.2544,-2.4075,2.241,0.2522,-2.477,2.1625,0.2567,-2.4459,2.2182,0.2544,-2.4564,2.1621,0.8136,-2.4652,2.1132,0.565,-2.43,2.0781,0.8136,-2.458,2.1155,0.8152,-2.3943,2.0552,0.8071,-2.43,2.0781,0.8136
,-2.3943,2.0552,0.8071,-2.3476,2.0507,0.5669,-2.3476,2.0507,0.5669,-2.3119,2.0812,0.8071,-2.3093,2.0736,0.5589,-2.2865,2.1202,0.5634,-2.3119,2.0812,0.8071,-2.2957,2.1204,0.8136,-2.2957,2.1204,0.8136,-2.287,2.1693,0.565,-2.287,2.1693,0.565,-2.3221,2.2043,0.8136,-2.3147,2.2098,0.5634,-2.3578,2.2272,0.8071,-2.3221,2.2043,0.8136,-2.3578,2.2272,0.8071,-2.4045,2.2317,0.5669
,-2.4403,2.2013,0.8071,-2.4022,2.2241,0.8235,-2.4403,2.2013,0.8071,-2.4657,2.1622,0.5634,-2.4428,2.2089,0.5589,1.9886,2.0017,-0.7128,2.021,2.0173,-0.6405,2.0326,1.9962,-0.6916,2.021,2.0173,-0.6405,2.0767,2.0174,-0.6971,2.0326,1.9962,-0.6916,2.0134,1.9771,-0.755,2.0326,1.9962,-0.6916,2.0454,1.973,-0.7396,2.0767,2.0174,-0.6971,2.105,2.0851,-0.6943,2.095,2.0528,-0.7261
,2.0454,1.973,-0.7396,2.0767,2.0174,-0.6971,2.0774,1.9885,-0.7435,2.0134,1.9771,-0.755,2.0535,1.9625,-0.775,2.0355,1.9666,-0.7856,2.095,2.0528,-0.7261,2.0762,2.1212,-0.7409,2.0768,2.0816,-0.7615,2.0767,2.0174,-0.6971,2.0908,2.0142,-0.7644,2.0774,1.9885,-0.7435,2.0535,1.9625,-0.775,2.0774,1.9885,-0.7435,2.0718,1.9731,-0.7792,2.0908,2.0142,-0.7644,2.0768,2.0816,-0.7615
,2.0775,2.0352,-0.7904,2.0535,1.9625,-0.775,2.058,1.9706,-0.808,2.0355,1.9666,-0.7856,2.058,1.9706,-0.808,2.0718,1.9731,-0.7792,2.0819,1.9881,-0.7906,2.0762,2.1212,-0.7409,2.0327,2.0871,-0.7826,2.0768,2.0816,-0.7615,2.0774,1.9885,-0.7435,2.0819,1.9881,-0.7906,2.0718,1.9731,-0.7792,2.0819,1.9881,-0.7906,2.0775,2.0352,-0.7904,2.0719,1.9996,-0.8056,2.058,1.9706,-0.808
,2.0719,1.9996,-0.8056,2.0536,2.0037,-0.8163,2.0186,2.1337,-0.7643,1.9887,2.0659,-0.7771,2.0327,2.0871,-0.7826,2.0768,2.0816,-0.7615,2.0455,2.0392,-0.8057,2.0775,2.0352,-0.7904,2.0775,2.0352,-0.7904,2.0536,2.0037,-0.8163,2.0719,1.9996,-0.8056,2.058,1.9706,-0.808,2.0355,1.9931,-0.8121,2.0253,1.9781,-0.8006,2.0133,2.0238,-0.8018,2.0327,2.0871,-0.7826,1.9887,2.0659,-0.7771
,2.0536,2.0037,-0.8163,2.0133,2.0238,-0.8018,2.0355,1.9931,-0.8121,1.9887,2.0659,-0.7771,1.9342,2.0648,-0.7166,1.9704,2.0306,-0.7484,2.0253,1.9781,-0.8006,2.0133,2.0238,-0.8018,2.0001,1.9981,-0.7807,2.0253,1.9781,-0.8006,2.0355,1.9666,-0.7856,2.058,1.9706,-0.808,2.0133,2.0238,-0.8018,1.9704,2.0306,-0.7484,2.0001,1.9981,-0.7807,1.9704,2.0306,-0.7484,1.9578,2.0238,-0.6681
,1.9886,2.0017,-0.7128,2.0134,1.9771,-0.755,2.0253,1.9781,-0.8006,2.0001,1.9981,-0.7807,2.0001,1.9981,-0.7807,1.9886,2.0017,-0.7128,2.0134,1.9771,-0.755,1.9128,2.0783,-0.7091,1.9599,2.1143,-0.756,1.9421,2.1401,-0.7565,2.0094,2.1631,-0.7689,1.9599,2.1143,-0.756,2.0186,2.1337,-0.7643,1.9243,2.219,-0.6963,2.0094,2.1631,-0.7689,2.0081,2.2491,-0.7302,2.0771,2.147,-0.7432
,2.0186,2.1337,-0.7643,2.0762,2.1212,-0.7409,2.0081,2.2491,-0.7302,2.0771,2.147,-0.7432,2.1102,2.2497,-0.7293,1.0231,2.3827,-0.5228,1.0316,2.6577,-0.6245,0.9411,2.6726,-0.6279,1.3627,2.3873,-0.4563,1.5192,2.5031,-0.5104,1.3716,2.5531,-0.5264,1.5877,2.4532,-0.4921,1.4982,2.3531,-0.4426,1.5727,2.3095,-0.4213,1.5727,2.3095,-0.4213,1.4917,2.2598,-0.2806,1.608,2.2192,-0.2622
,1.7057,2.4129,-0.5304,1.5727,2.3095,-0.4213,1.6883,2.2679,-0.4637,1.7057,2.4129,-0.5304,1.8274,2.2198,-0.5297,1.8419,2.3655,-0.6032,1.6883,2.2679,-0.4637,1.608,2.2192,-0.2622,1.7291,2.1759,-0.3118,1.8274,2.2198,-0.5297,1.7291,2.1759,-0.3118,1.8685,2.1285,-0.3779,2.153,2.2127,-0.0085,2.1437,2.3677,0.0328,2.201,2.347,0,2.2586,2.198,-0.0531,2.201,2.347,0
,2.3106,2.3431,-0.0464,2.0894,2.2217,0.0214,2.0505,2.1087,-0.1488,1.9905,2.1279,-0.1203,1.8983,2.34,-0.6349,1.8274,2.2198,-0.5297,1.8779,2.1911,-0.5661,2.3832,2.2038,-0.1172,2.3106,2.3431,-0.0464,2.4193,2.3431,-0.1064,2.1586,2.1461,-0.0641,2.2586,2.198,-0.0531,2.226,2.1204,-0.0971,2.0505,2.1087,-0.1488,2.1586,2.1461,-0.0641,2.0876,2.0864,-0.1713,1.8983,2.34,-0.6349
,2.0081,2.2491,-0.7302,2.0163,2.3502,-0.7251,2.1102,2.2497,-0.7293,2.0163,2.3502,-0.7251,2.0081,2.2491,-0.7302,2.212,2.2435,-0.7407,2.1229,2.3446,-0.7704,2.1102,2.2497,-0.7293,0.9259,2.672,0.4022,0.9819,2.9381,0.3502,1.0045,2.6519,0.4106,2.7169,2.3035,-0.6179,2.7509,2.2338,-0.531,2.7497,2.299,-0.5246,2.7214,2.2302,-0.6202,2.6539,2.3018,-0.7317,2.6598,2.2319,-0.737
,2.6598,2.2319,-0.737,2.6055,2.289,-0.8113,2.6036,2.2367,-0.8178,1.5786,2.6595,0.1643,1.3738,2.5635,0.2658,1.3886,2.7328,0.2067,1.5915,2.7593,0.0308,1.3886,2.7328,0.2067,1.3918,2.836,0.0602,1.0064,3.0984,0.1478,0.8884,2.9583,0.351,0.8962,3.1308,0.1578,1.5915,2.7593,0.0308,1.3913,2.8784,-0.1411,1.5853,2.7992,-0.1555,1.0064,3.0984,0.1478,0.9051,3.1911,-0.1322
,1.021,3.1646,-0.1395,1.021,3.1646,-0.1395,0.8856,3.0909,-0.4162,1,3.0628,-0.4162,0.9411,2.6726,-0.6279,1.0129,2.8848,-0.5756,0.9059,2.9028,-0.579,1,3.0628,-0.4162,0.9059,2.9028,-0.579,1.0129,2.8848,-0.5756,1.7865,2.7293,-0.1967,1.5915,2.7593,0.0308,1.5853,2.7992,-0.1555,1.3884,2.8305,-0.3379,1.5853,2.7992,-0.1555,1.3913,2.8784,-0.1411,1.3716,2.5531,-0.5264
,1.5448,2.6555,-0.4749,1.3811,2.7209,-0.4842,1.3811,2.7209,-0.4842,1.5703,2.7561,-0.3442,1.3884,2.8305,-0.3379,1.5703,2.7561,-0.3442,1.7865,2.7293,-0.1967,1.5853,2.7992,-0.1555,1.5192,2.5031,-0.5104,1.6371,2.5991,-0.477,1.5448,2.6555,-0.4749,1.5448,2.6555,-0.4749,1.7058,2.6918,-0.3674,1.5703,2.7561,-0.3442,1.837,2.6405,-0.4164,1.7865,2.7293,-0.1967,1.7058,2.6918,-0.3674
,1.7606,2.5578,-0.5184,1.7058,2.6918,-0.3674,1.6371,2.5991,-0.477,1.5877,2.4532,-0.4921,1.7606,2.5578,-0.5184,1.6371,2.5991,-0.477,2.0224,2.5585,0.0329,2.1437,2.3677,0.0328,2.0076,2.4149,0.1045,2.1612,2.5091,-0.0329,1.9923,2.6405,-0.0889,2.1254,2.5882,-0.1648,1.9923,2.6405,-0.0889,1.8674,2.6018,0.0957,1.8407,2.6919,-0.0327,1.8507,2.4561,0.1609,1.5786,2.6595,0.1643
,1.8674,2.6018,0.0957,1.5915,2.7593,0.0308,1.8674,2.6018,0.0957,1.5786,2.6595,0.1643,2.1254,2.5882,-0.1648,1.9307,2.677,-0.2449,2.0674,2.6201,-0.3098,1.9307,2.677,-0.2449,1.8407,2.6919,-0.0327,1.7865,2.7293,-0.1967,1.8674,2.6018,0.0957,2.0076,2.4149,0.1045,1.8507,2.4561,0.1609,1.9501,2.2691,0.0875,1.8507,2.4561,0.1609,2.0076,2.4149,0.1045,1.9501,2.2691,0.0875
,2.1437,2.3677,0.0328,2.0894,2.2217,0.0214,1.7962,2.3106,0.1286,1.8518,2.1778,-0.0545,1.7105,2.2207,-0.0194,1.7291,2.1759,-0.3118,1.7105,2.2207,-0.0194,1.8518,2.1778,-0.0545,1.8518,2.1778,-0.0545,2.0894,2.2217,0.0214,1.9905,2.1279,-0.1203,1.9905,2.1279,-0.1203,1.7291,2.1759,-0.3118,1.8518,2.1778,-0.0545,1.7962,2.3106,0.1286,1.5615,2.5061,0.2213,1.8507,2.4561,0.1609
,1.5317,2.3544,0.1579,1.7105,2.2207,-0.0194,1.5043,2.2607,-0.0081,1.5043,2.2607,-0.0081,1.608,2.2192,-0.2622,1.4917,2.2598,-0.2806,1.0231,2.3827,-0.5228,1.0667,2.308,-0.2955,1.0674,2.4057,-0.533,1.4982,2.3531,-0.4426,1.3558,2.291,-0.2891,1.4917,2.2598,-0.2806,1.3558,2.291,-0.2891,1.5043,2.2607,-0.0081,1.4917,2.2598,-0.2806,1.365,2.3855,0.1936,1.5615,2.5061,0.2213
,1.5317,2.3544,0.1579,1.5317,2.3544,0.1579,1.3564,2.2882,0.0147,1.365,2.3855,0.1936,1.0045,2.6519,0.4106,0.9984,2.3855,0.2785,0.9259,2.672,0.4022,1.0351,2.2898,-0.2783,1.0588,2.3087,0.0258,1.0667,2.308,-0.2955,0.9984,2.3855,0.2785,1.0588,2.3087,0.0258,1.0257,2.2939,0.0214,1.0316,2.6577,-0.6245,1.1219,2.8363,-0.5485,1.0129,2.8848,-0.5756,1.115,2.994,-0.393
,1.0129,2.8848,-0.5756,1.1219,2.8363,-0.5485,1.1306,3.0799,-0.14,1,3.0628,-0.4162,1.115,2.994,-0.393,1.1306,3.0799,-0.14,1.0064,3.0984,0.1478,1.021,3.1646,-0.1395,1.1205,3.0208,0.1218,0.9819,2.9381,0.3502,1.0064,3.0984,0.1478,1.0045,2.6519,0.4106,1.1023,2.8773,0.3077,1.1134,2.6258,0.3679,1.1318,2.6268,-0.5956,1.2592,2.7752,-0.5145,1.1219,2.8363,-0.5485
,1.2598,2.9074,-0.3638,1.1219,2.8363,-0.5485,1.2592,2.7752,-0.5145,1.2687,2.9732,-0.1406,1.115,2.994,-0.393,1.2598,2.9074,-0.3638,1.2687,2.9732,-0.1406,1.1205,3.0208,0.1218,1.1306,3.0799,-0.14,1.2642,2.9229,0.0892,1.1023,2.8773,0.3077,1.1205,3.0208,0.1218,1.1134,2.6258,0.3679,1.254,2.8008,0.2542,1.2493,2.5933,0.3146,1.2569,2.5883,-0.5595,1.3811,2.7209,-0.4842
,1.2592,2.7752,-0.5145,1.3884,2.8305,-0.3379,1.2592,2.7752,-0.5145,1.3811,2.7209,-0.4842,1.3913,2.8784,-0.1411,1.2598,2.9074,-0.3638,1.3884,2.8305,-0.3379,1.3913,2.8784,-0.1411,1.2642,2.9229,0.0892,1.2687,2.9732,-0.1406,1.3918,2.836,0.0602,1.254,2.8008,0.2542,1.2642,2.9229,0.0892,1.2493,2.5933,0.3146,1.3886,2.7328,0.2067,1.3738,2.5635,0.2658,1.3738,2.5635,0.2658
,1.2559,2.3859,0.2235,1.2493,2.5933,0.3146,1.2543,2.2952,0.0185,1.365,2.3855,0.1936,1.3564,2.2882,0.0147,1.2566,2.2968,-0.2913,1.3564,2.2882,0.0147,1.3558,2.291,-0.2891,1.3627,2.3873,-0.4563,1.2566,2.2968,-0.2913,1.3558,2.291,-0.2891,1.2614,2.3936,-0.4826,1.3716,2.5531,-0.5264,1.2569,2.5883,-0.5595,1.2493,2.5933,0.3146,1.1405,2.3862,0.2551,1.1134,2.6258,0.3679
,1.1462,2.3027,0.0226,1.2559,2.3859,0.2235,1.2543,2.2952,0.0185,1.1517,2.303,-0.2936,1.2543,2.2952,0.0185,1.2566,2.2968,-0.2913,1.2614,2.3936,-0.4826,1.1517,2.303,-0.2936,1.2566,2.2968,-0.2913,1.1542,2.4003,-0.5105,1.2569,2.5883,-0.5595,1.1318,2.6268,-0.5956,1.1134,2.6258,0.3679,1.0471,2.3865,0.2806,1.0045,2.6519,0.4106,1.0588,2.3087,0.0258,1.1405,2.3862,0.2551
,1.1462,2.3027,0.0226,1.0667,2.308,-0.2955,1.1462,2.3027,0.0226,1.1517,2.303,-0.2936,1.1542,2.4003,-0.5105,1.0667,2.308,-0.2955,1.1517,2.303,-0.2936,1.0674,2.4057,-0.533,1.1318,2.6268,-0.5956,1.0316,2.6577,-0.6245,1.7057,2.4129,-0.5304,1.9008,2.5068,-0.5801,1.7606,2.5578,-0.5184,1.9774,2.5882,-0.4769,1.9307,2.677,-0.2449,1.837,2.6405,-0.4164,1.9008,2.5068,-0.5801
