{"producer":{"name":"Blender","version":"2.93.3","exporter_version":"2.93.5","file":"marowak.babylon"},
"autoClear":true,"clearColor":[0.0509,0.0509,0.0509],"gravity":[0,-9.81,0],
"materials":[{"name":"marowakmesh","id":"marowakmesh","customType":"BABYLON.PBRMaterial","emissive":[0,0,0],"reflectivity":[0.5,0.5,0.5],"roughness":0.5,"alpha":1,"transparencyMode":0,"alphaCutOff":0.4,"metallic":0, 
"albedoTexture":{"name":"marrowakimage.png","level":1,"hasAlpha":true,"coordinatesMode":0,"uOffset":0,"vOffset":0,"uScale":1,"vScale":1,"uAng":0,"vAng":0,"wAng":0,"wrapU":1,"wrapV":1,"coordinatesIndex":0},"useAlphaFromAlbedoTexture":true}],
"skeletons":[{"name":"Armature","id":0,"dimensionsAtRest":[4.6332,4.3097,4.4904],"bones":[
{"name":"corp","index":0,"matrix":[-0.8252,0.0157,0.5646,0,-0.0134,-0.9999,0.0082,0,-0.5647,0.0008,-0.8253,0,-0.0327,3.0781,0,1],"rest":[-0.8252,0.0157,0.5646,0,-0.0134,-0.9999,0.0082,0,-0.5647,0.0008,-0.8253,0,-0.0327,3.0781,0,1],"parentBoneIndex":-1,"length":1
,"animation":
{"name":"anim","property":"_matrix","dataType":3,"framePerSecond":24,"loopBehavior":1,"keys":[
{"frame":1,"values":[-0.8252,0.0157,0.5646,0,-0.0134,-0.9999,0.0082,0,-0.5647,0.0008,-0.8253,0,-0.0327,3.0781,0,1]},
{"frame":32,"values":[-0.8252,0.0157,0.5646,0,-0.0134,-0.9999,0.0082,0,-0.5647,0.0008,-0.8253,0,-0.0327,3.0781,0,1]},
{"frame":41,"values":[-0.8252,0.0157,0.5646,0,-0.0134,-0.9999,0.0082,0,-0.5647,0.0008,-0.8253,0,-0.0327,3.0781,0,1]},
{"frame":54,"values":[-0.8187,0.0157,0.574,0,-0.0133,-0.9999,0.0083,0,-0.5741,0.0008,-0.8188,0,-0.0327,3.0781,0,1]},
{"frame":55,"values":[-0.8001,0.0157,0.5997,0,-0.013,-0.9999,0.0087,0,-0.5997,0.0008,-0.8002,0,-0.0327,3.0781,0,1]},
{"frame":56,"values":[-0.7703,0.0157,0.6375,0,-0.0126,-0.9999,0.0093,0,-0.6375,0.0008,-0.7704,0,-0.0327,3.0781,0,1]},
{"frame":57,"values":[-0.7303,0.0157,0.683,0,-0.012,-0.9999,0.0101,0,-0.683,0.0008,-0.7304,0,-0.0327,3.0781,0,1]},
{"frame":58,"values":[-0.6814,0.0157,0.7318,0,-0.0113,-0.9999,0.0109,0,-0.7319,0.0008,-0.6815,0,-0.0327,3.0781,0,1]},
{"frame":59,"values":[-0.6259,0.0157,0.7798,0,-0.0105,-0.9999,0.0117,0,-0.7799,0.0008,-0.6259,0,-0.0327,3.0781,0,1]},
{"frame":60,"values":[-0.567,0.0157,0.8236,0,-0.0096,-0.9999,0.0124,0,-0.8237,0.0008,-0.5671,0,-0.0327,3.0781,0,1]},
{"frame":61,"values":[-0.5087,0.0157,0.8608,0,-0.0087,-0.9999,0.0131,0,-0.8609,0.0008,-0.5088,0,-0.0327,3.0781,0,1]},
{"frame":62,"values":[-0.4556,0.0157,0.89,0,-0.0079,-0.9999,0.0136,0,-0.8901,0.0008,-0.4557,0,-0.0327,3.0781,0,1]},
{"frame":63,"values":[-0.4123,0.0157,0.9109,0,-0.0072,-0.9999,0.0139,0,-0.911,0.0008,-0.4124,0,-0.0327,3.0781,0,1]},
{"frame":64,"values":[-0.3832,0.0157,0.9235,0,-0.0068,-0.9999,0.0142,0,-0.9236,0.0008,-0.3833,0,-0.0327,3.0781,0,1]},
{"frame":65,"values":[-0.3727,0.0157,0.9278,0,-0.0066,-0.9999,0.0142,0,-0.9279,0.0008,-0.3727,0,-0.0327,3.0781,0,1]},
{"frame":66,"values":[-0.4024,0.0157,0.9153,0,-0.0071,-0.9999,0.014,0,-0.9155,0.0008,-0.4024,0,-0.0327,3.0781,0,1]},
{"frame":67,"values":[-0.4775,0.0157,0.8785,0,-0.0082,-0.9999,0.0134,0,-0.8786,0.0008,-0.4775,0,-0.0327,3.0781,0,1]},
{"frame":68,"values":[-0.5754,0.0157,0.8177,0,-0.0097,-0.9999,0.0123,0,-0.8178,0.0008,-0.5755,0,-0.0327,3.0781,0,1]},
{"frame":69,"values":[-0.6738,0.0157,0.7388,0,-0.0112,-0.9999,0.011,0,-0.7388,0.0008,-0.6739,0,-0.0327,3.0781,0,1]},
{"frame":70,"values":[-0.7544,0.0157,0.6563,0,-0.0124,-0.9999,0.0097,0,-0.6563,0.0008,-0.7545,0,-0.0327,3.0781,0,1]},
{"frame":71,"values":[-0.8066,0.0157,0.5909,0,-0.0131,-0.9999,0.0086,0,-0.591,0.0008,-0.8067,0,-0.0327,3.0781,0,1]},
{"frame":72,"values":[-0.8252,0.0157,0.5646,0,-0.0134,-0.9999,0.0082,0,-0.5647,0.0008,-0.8253,0,-0.0327,3.0781,0,1]},
{"frame":81,"values":[-0.8252,0.0157,0.5646,0,-0.0134,-0.9999,0.0082,0,-0.5647,0.0008,-0.8253,0,-0.0327,3.0781,0,1]},
{"frame":82,"values":[-0.7959,0.0157,0.6052,0,-0.013,-0.9999,0.0088,0,-0.6052,0.0008,-0.796,0,-0.0327,3.0781,0,1]},
{"frame":83,"values":[-0.7098,0.0157,0.7042,0,-0.0117,-0.9999,0.0104,0,-0.7043,0.0008,-0.7099,0,-0.0327,3.0781,0,1]},
{"frame":84,"values":[-0.5695,0.0157,0.8219,0,-0.0096,-0.9999,0.0124,0,-0.822,0.0008,-0.5696,0,-0.0327,3.0781,0,1]},
{"frame":85,"values":[-0.3933,0.0157,0.9193,0,-0.0069,-0.9999,0.0141,0,-0.9194,0.0008,-0.3934,0,-0.0327,3.0781,0,1]},
{"frame":86,"values":[-0.219,0.0157,0.9756,0,-0.0043,-0.9999,0.0151,0,-0.9757,0.0008,-0.2191,0,-0.0327,3.0781,0,1]},
{"frame":87,"values":[-0.0894,0.0157,0.9959,0,-0.0022,-0.9999,0.0155,0,-0.996,0.0008,-0.0894,0,-0.0327,3.0781,0,1]},
{"frame":88,"values":[-0.0395,0.0157,0.9991,0,-0.0015,-0.9999,0.0156,0,-0.9992,0.0008,-0.0395,0,-0.0327,3.0781,0,1]},
{"frame":89,"values":[-0.0739,0.0157,0.9971,0,-0.002,-0.9999,0.0156,0,-0.9973,0.0008,-0.0739,0,-0.0327,3.0781,0,1]},
{"frame":90,"values":[-0.164,0.0157,0.9863,0,-0.0034,-0.9999,0.0153,0,-0.9864,0.0008,-0.1641,0,-0.0327,3.0781,0,1]},
{"frame":91,"values":[-0.2893,0.0157,0.9571,0,-0.0053,-0.9999,0.0148,0,-0.9572,0.0008,-0.2893,0,-0.0327,3.0781,0,1]},
{"frame":92,"values":[-0.4293,0.0157,0.903,0,-0.0075,-0.9999,0.0138,0,-0.9031,0.0008,-0.4294,0,-0.0327,3.0781,0,1]},
{"frame":93,"values":[-0.5667,0.0157,0.8238,0,-0.0096,-0.9999,0.0124,0,-0.8238,0.0008,-0.5668,0,-0.0327,3.0781,0,1]},
{"frame":94,"values":[-0.692,0.0157,0.7217,0,-0.0115,-0.9999,0.0107,0,-0.7218,0.0008,-0.6921,0,-0.0327,3.0781,0,1]},
{"frame":95,"values":[-0.799,0.0157,0.6011,0,-0.013,-0.9999,0.0088,0,-0.6012,0.0008,-0.7991,0,-0.0327,3.0781,0,1]},
{"frame":96,"values":[-0.8816,0.0157,0.4718,0,-0.0142,-0.9999,0.0067,0,-0.4719,0.0008,-0.8817,0,-0.0327,3.0781,0,1]},
{"frame":97,"values":[-0.9383,0.0157,0.3456,0,-0.015,-0.9999,0.0046,0,-0.3456,0.0008,-0.9384,0,-0.0327,3.0781,0,1]},
{"frame":98,"values":[-0.9722,0.0157,0.2338,0,-0.0154,-0.9999,0.0028,0,-0.2338,0.0008,-0.9723,0,-0.0327,3.0781,0,1]},
{"frame":99,"values":[-0.9892,0.0157,0.1459,0,-0.0156,-0.9999,0.0015,0,-0.1459,0.0008,-0.9893,0,-0.0327,3.0781,0,1]},
{"frame":100,"values":[-0.9959,0.0157,0.0889,0,-0.0157,-0.9999,0.0006,0,-0.0889,0.0008,-0.996,0,-0.0327,3.0781,0,1]},
{"frame":101,"values":[-0.9975,0.0157,0.0687,0,-0.0157,-0.9999,0.0002,0,-0.0687,0.0008,-0.9976,0,-0.0327,3.0781,0,1]},
{"frame":102,"values":[-0.9966,0.0157,0.0809,0,-0.0157,-0.9999,0.0004,0,-0.0809,0.0008,-0.9967,0,-0.0327,3.0781,0,1]},
{"frame":103,"values":[-0.9933,0.0157,0.1144,0,-0.0157,-0.9999,0.001,0,-0.1144,0.0008,-0.9934,0,-0.0327,3.0781,0,1]},
{"frame":104,"values":[-0.9863,0.0157,0.1644,0,-0.0156,-0.9999,0.0017,0,-0.1644,0.0008,-0.9864,0,-0.0327,3.0781,0,1]},
{"frame":105,"values":[-0.974,0.0157,0.2259,0,-0.0155,-0.9999,0.0027,0,-0.2259,0.0008,-0.9741,0,-0.0327,3.0781,0,1]},
{"frame":106,"values":[-0.9558,0.0157,0.2937,0,-0.0152,-0.9999,0.0038,0,-0.2937,0.0008,-0.9559,0,-0.0327,3.0781,0,1]},
{"frame":107,"values":[-0.9319,0.0157,0.3623,0,-0.0149,-0.9999,0.0049,0,-0.3623,0.0008,-0.9321,0,-0.0327,3.0781,0,1]},
{"frame":108,"values":[-0.9042,0.0157,0.4267,0,-0.0145,-0.9999,0.0059,0,-0.4268,0.0008,-0.9044,0,-0.0327,3.0781,0,1]},
{"frame":109,"values":[-0.8757,0.0157,0.4826,0,-0.0141,-0.9999,0.0068,0,-0.4826,0.0008,-0.8758,0,-0.0327,3.0781,0,1]},
{"frame":110,"values":[-0.8502,0.0157,0.5262,0,-0.0138,-0.9999,0.0075,0,-0.5262,0.0008,-0.8503,0,-0.0327,3.0781,0,1]},
{"frame":111,"values":[-0.832,0.0157,0.5545,0,-0.0135,-0.9999,0.008,0,-0.5545,0.0008,-0.8322,0,-0.0327,3.0781,0,1]},
{"frame":112,"values":[-0.8252,0.0157,0.5646,0,-0.0134,-0.9999,0.0082,0,-0.5647,0.0008,-0.8253,0,-0.0327,3.0781,0,1]}]}},
{"name":"corp2","index":1,"matrix":[0.9999,0.0096,0.0143,0,-0.0096,0.9999,0.0034,0,-0.0142,-0.0036,0.9999,0,0,1,0,1],"rest":[1,0.0096,0,0,-0.0096,0.9999,0.0033,0,0,-0.0033,1,0,0,1,0,1],"parentBoneIndex":0,"length":1.4736
,"animation":
{"name":"anim","property":"_matrix","dataType":3,"framePerSecond":24,"loopBehavior":1,"keys":[
{"frame":1,"values":[1,0.0096,0,0,-0.0096,0.9999,0.0033,0,0,-0.0033,1,0,0,1,0,1]},
{"frame":32,"values":[1,0.0096,0,0,-0.0096,0.9999,0.0033,0,0,-0.0033,1,0,0,1,0,1]},
{"frame":41,"values":[1,0.0096,0,0,-0.0096,0.9999,0.0033,0,0,-0.0033,1,0,0,1,0,1]},
{"frame":42,"values":[0.9999,0.0096,0.0143,0,-0.0096,0.9999,0.0034,0,-0.0142,-0.0036,0.9999,0,0,1,0,1]},
{"frame":43,"values":[0.9985,0.0096,0.0538,0,-0.0098,0.9999,0.0037,0,-0.0538,-0.0042,0.9985,0,0,1,0,1]},
{"frame":44,"values":[0.9934,0.0096,0.1139,0,-0.0101,0.9999,0.004,0,-0.1138,-0.0051,0.9935,0,0,1,0,1]},
{"frame":45,"values":[0.9819,0.0094,0.1892,0,-0.0105,0.9999,0.0044,0,-0.1891,-0.0063,0.9819,0,0,1,0,1]},
{"frame":46,"values":[0.9617,0.0092,0.2739,0,-0.0109,0.9999,0.0049,0,-0.2738,-0.0077,0.9617,0,0,1,0,1]},
{"frame":47,"values":[0.9322,0.0088,0.3617,0,-0.0115,0.9999,0.0053,0,-0.3617,-0.0091,0.9323,0,0,1,0,1]},
{"frame":48,"values":[0.8948,0.0083,0.4464,0,-0.0121,0.9999,0.0056,0,-0.4464,-0.0104,0.8948,0,0,1,0,1]},
{"frame":49,"values":[0.8525,0.0077,0.5226,0,-0.0126,0.9999,0.0059,0,-0.5225,-0.0117,0.8526,0,0,1,0,1]},
{"frame":50,"values":[0.8103,0.0071,0.586,0,-0.0132,0.9999,0.0061,0,-0.5859,-0.0127,0.8103,0,0,1,0,1]},
{"frame":51,"values":[0.7735,0.0065,0.6337,0,-0.0136,0.9999,0.0063,0,-0.6336,-0.0135,0.7735,0,0,1,0,1]},
{"frame":52,"values":[0.7478,0.0062,0.6639,0,-0.0139,0.9999,0.0063,0,-0.6637,-0.014,0.7478,0,0,1,0,1]},
{"frame":53,"values":[0.7383,0.006,0.6745,0,-0.014,0.9999,0.0064,0,-0.6743,-0.0141,0.7383,0,0,1,0,1]},
{"frame":54,"values":[0.7526,0.0062,0.6585,0,-0.0138,0.9999,0.0063,0,-0.6583,-0.0139,0.7526,0,0,1,0,1]},
{"frame":55,"values":[0.7909,0.0068,0.6119,0,-0.0134,0.9999,0.0062,0,-0.6118,-0.0131,0.7909,0,0,1,0,1]},
{"frame":56,"values":[0.8445,0.0076,0.5354,0,-0.0128,0.9999,0.006,0,-0.5353,-0.0119,0.8446,0,0,1,0,1]},
{"frame":57,"values":[0.9029,0.0084,0.4298,0,-0.012,0.9999,0.0056,0,-0.4297,-0.0102,0.9029,0,0,1,0,1]},
{"frame":58,"values":[0.9543,0.0091,0.2987,0,-0.0111,0.9999,0.005,0,-0.2986,-0.0081,0.9543,0,0,1,0,1]},
{"frame":59,"values":[0.9886,0.0095,0.1504,0,-0.0103,0.9999,0.0042,0,-0.1503,-0.0057,0.9886,0,0,1,0,1]},
{"frame":60,"values":[1,0.0096,-0.0026,0,-0.0096,0.9999,0.0033,0,0.0027,-0.0033,1,0,0,1,0,1]},
{"frame":61,"values":[0.9892,0.0093,-0.1463,0,-0.009,1,0.0024,0,0.1463,-0.0011,0.9892,0,0,1,0,1]},
{"frame":62,"values":[0.9633,0.0088,-0.2684,0,-0.0087,1,0.0015,0,0.2684,0.0008,0.9633,0,0,1,0,1]},
{"frame":63,"values":[0.9328,0.0082,-0.3604,0,-0.0085,1,0.0009,0,0.3604,0.0022,0.9328,0,0,1,0,1]},
{"frame":64,"values":[0.9088,0.0078,-0.4172,0,-0.0084,1,0.0004,0,0.4172,0.0031,0.9088,0,0,1,0,1]},
{"frame":65,"values":[0.9002,0.0076,-0.4354,0,-0.0084,1,0.0003,0,0.4354,0.0034,0.9002,0,0,1,0,1]},
{"frame":66,"values":[0.9117,0.0078,-0.4107,0,-0.0084,1,0.0005,0,0.4107,0.003,0.9118,0,0,1,0,1]},
{"frame":67,"values":[0.9366,0.0083,-0.3504,0,-0.0085,1,0.0009,0,0.3504,0.0021,0.9366,0,0,1,0,1]},
{"frame":68,"values":[0.9637,0.0088,-0.2667,0,-0.0087,1,0.0016,0,0.2667,0.0008,0.9638,0,0,1,0,1]},
{"frame":69,"values":[0.9847,0.0092,-0.1738,0,-0.0089,1,0.0022,0,0.1738,-0.0006,0.9848,0,0,1,0,1]},
{"frame":70,"values":[0.9961,0.0094,-0.0875,0,-0.0092,1,0.0028,0,0.0876,-0.002,0.9962,0,0,1,0,1]},
{"frame":71,"values":[0.9997,0.0095,-0.0244,0,-0.0095,1,0.0032,0,0.0244,-0.003,0.9997,0,0,1,0,1]},
{"frame":72,"values":[1,0.0096,0,0,-0.0096,0.9999,0.0033,0,0,-0.0033,1,0,0,1,0,1]},
{"frame":81,"values":[1,0.0096,0,0,-0.0096,0.9999,0.0033,0,0,-0.0033,1,0,0,1,0,1]},
{"frame":82,"values":[0.9998,0.0096,0.0181,0,-0.0096,0.9999,0.0035,0,-0.018,-0.0036,0.9998,0,0,1,0,1]},
{"frame":83,"values":[0.9979,0.0096,0.0647,0,-0.0098,0.9999,0.0037,0,-0.0647,-0.0044,0.9979,0,0,1,0,1]},
{"frame":84,"values":[0.9917,0.0095,0.1284,0,-0.0101,0.9999,0.0041,0,-0.1284,-0.0054,0.9917,0,0,1,0,1]},
{"frame":85,"values":[0.9803,0.0094,0.1973,0,-0.0105,0.9999,0.0045,0,-0.1972,-0.0065,0.9803,0,0,1,0,1]},
{"frame":86,"values":[0.9657,0.0092,0.2596,0,-0.0109,0.9999,0.0048,0,-0.2595,-0.0074,0.9657,0,0,1,0,1]},
{"frame":87,"values":[0.9525,0.0091,0.3044,0,-0.0111,0.9999,0.005,0,-0.3043,-0.0082,0.9525,0,0,1,0,1]},
{"frame":88,"values":[0.9468,0.009,0.3216,0,-0.0112,0.9999,0.0051,0,-0.3215,-0.0084,0.9469,0,0,1,0,1]},
{"frame":89,"values":[0.9523,0.0091,0.305,0,-0.0111,0.9999,0.005,0,-0.305,-0.0082,0.9523,0,0,1,0,1]},
{"frame":90,"values":[0.9641,0.0092,0.2653,0,-0.0109,0.9999,0.0048,0,-0.2652,-0.0075,0.9642,0,0,1,0,1]},
{"frame":91,"values":[0.9761,0.0094,0.2172,0,-0.0106,0.9999,0.0046,0,-0.2171,-0.0068,0.9761,0,0,1,0,1]},
{"frame":92,"values":[0.9843,0.0095,0.1765,0,-0.0104,0.9999,0.0044,0,-0.1764,-0.0061,0.9843,0,0,1,0,1]},
{"frame":93,"values":[0.9872,0.0095,0.1593,0,-0.0103,0.9999,0.0043,0,-0.1593,-0.0059,0.9872,0,0,1,0,1]},
{"frame":94,"values":[0.983,0.0094,0.1835,0,-0.0104,0.9999,0.0044,0,-0.1835,-0.0062,0.983,0,0,1,0,1]},
{"frame":95,"values":[0.9689,0.0093,0.2471,0,-0.0108,0.9999,0.0047,0,-0.2471,-0.0072,0.969,0,0,1,0,1]},
{"frame":96,"values":[0.9419,0.0089,0.3358,0,-0.0113,0.9999,0.0052,0,-0.3358,-0.0087,0.9419,0,0,1,0,1]},
{"frame":97,"values":[0.9007,0.0084,0.4344,0,-0.012,0.9999,0.0056,0,-0.4343,-0.0102,0.9007,0,0,1,0,1]},
{"frame":98,"values":[0.8492,0.0076,0.5281,0,-0.0127,0.9999,0.0059,0,-0.528,-0.0117,0.8492,0,0,1,0,1]},
{"frame":99,"values":[0.7966,0.0069,0.6045,0,-0.0133,0.9999,0.0062,0,-0.6044,-0.013,0.7966,0,0,1,0,1]},
{"frame":100,"values":[0.7556,0.0063,0.655,0,-0.0138,0.9999,0.0063,0,-0.6549,-0.0138,0.7556,0,0,1,0,1]},
{"frame":101,"values":[0.7392,0.006,0.6734,0,-0.014,0.9999,0.0064,0,-0.6733,-0.0141,0.7392,0,0,1,0,1]},
{"frame":102,"values":[0.7505,0.0062,0.6609,0,-0.0139,0.9999,0.0063,0,-0.6607,-0.0139,0.7505,0,0,1,0,1]},
{"frame":103,"values":[0.7803,0.0066,0.6253,0,-0.0135,0.9999,0.0062,0,-0.6252,-0.0133,0.7804,0,0,1,0,1]},
{"frame":104,"values":[0.8222,0.0073,0.5692,0,-0.013,0.9999,0.0061,0,-0.5691,-0.0124,0.8222,0,0,1,0,1]},
{"frame":105,"values":[0.8687,0.0079,0.4953,0,-0.0124,0.9999,0.0058,0,-0.4952,-0.0112,0.8687,0,0,1,0,1]},
{"frame":106,"values":[0.913,0.0085,0.408,0,-0.0118,0.9999,0.0055,0,-0.4079,-0.0098,0.913,0,0,1,0,1]},
{"frame":107,"values":[0.9496,0.009,0.3132,0,-0.0112,0.9999,0.005,0,-0.3132,-0.0083,0.9497,0,0,1,0,1]},
{"frame":108,"values":[0.9757,0.0094,0.2188,0,-0.0106,0.9999,0.0046,0,-0.2188,-0.0068,0.9758,0,0,1,0,1]},
{"frame":109,"values":[0.9911,0.0095,0.1329,0,-0.0102,0.9999,0.0041,0,-0.1329,-0.0054,0.9911,0,0,1,0,1]},
{"frame":110,"values":[0.998,0.0096,0.0633,0,-0.0098,0.9999,0.0037,0,-0.0632,-0.0043,0.998,0,0,1,0,1]},
{"frame":111,"values":[0.9998,0.0096,0.0169,0,-0.0096,0.9999,0.0034,0,-0.0168,-0.0036,0.9999,0,0,1,0,1]},
{"frame":112,"values":[1,0.0096,0,0,-0.0096,0.9999,0.0033,0,0,-0.0033,1,0,0,1,0,1]}]}},
{"name":"queue","index":2,"matrix":[0.8209,0.1128,0.5598,0,0.5281,0.2231,-0.8194,0,-0.2173,0.9682,0.1236,0,0.7402,1.1972,-1.0995,1],"rest":[0.8209,0.1128,0.5598,0,0.5281,0.2231,-0.8194,0,-0.2173,0.9682,0.1236,0,0.7402,1.1972,-1.0995,1],"parentBoneIndex":1,"length":1.0511
,"animation":
{"name":"anim","property":"_matrix","dataType":3,"framePerSecond":24,"loopBehavior":1,"keys":[
{"frame":1,"values":[0.8209,0.1128,0.5598,0,0.5281,0.2231,-0.8194,0,-0.2173,0.9682,0.1236,0,0.7402,1.1972,-1.0995,1]},
{"frame":2,"values":[0.8191,0.1128,0.5625,0,0.5307,0.2231,-0.8176,0,-0.2177,0.9682,0.1229,0,0.7402,1.1972,-1.0995,1]},
{"frame":3,"values":[0.814,0.1128,0.5698,0,0.5381,0.2232,-0.8128,0,-0.2189,0.9682,0.121,0,0.7402,1.1972,-1.0995,1]},
{"frame":4,"values":[0.8062,0.1128,0.5807,0,0.549,0.2233,-0.8055,0,-0.2205,0.9682,0.1181,0,0.7402,1.1972,-1.0995,1]},
{"frame":5,"values":[0.7964,0.1128,0.5941,0,0.5623,0.2234,-0.7962,0,-0.2225,0.9682,0.1145,0,0.7402,1.1972,-1.0995,1]},
{"frame":6,"values":[0.7853,0.1128,0.6088,0,0.5769,0.2235,-0.7856,0,-0.2247,0.9681,0.1104,0,0.7402,1.1972,-1.0995,1]},
{"frame":7,"values":[0.7734,0.1128,0.6238,0,0.5919,0.2237,-0.7744,0,-0.2269,0.9681,0.1062,0,0.7402,1.1972,-1.0995,1]},
{"frame":8,"values":[0.7617,0.1128,0.638,0,0.6062,0.2238,-0.7632,0,-0.2289,0.9681,0.1021,0,0.7402,1.1972,-1.0995,1]},
{"frame":9,"values":[0.751,0.1128,0.6506,0,0.6188,0.2239,-0.753,0,-0.2306,0.9681,0.0984,0,0.7402,1.1972,-1.0995,1]},
{"frame":10,"values":[0.7421,0.1128,0.6607,0,0.6288,0.224,-0.7446,0,-0.232,0.968,0.0953,0,0.7402,1.1972,-1.0995,1]},
{"frame":11,"values":[0.7361,0.1128,0.6674,0,0.6355,0.2241,-0.7389,0,-0.2329,0.968,0.0933,0,0.7402,1.1972,-1.0995,1]},
{"frame":12,"values":[0.7339,0.1127,0.6698,0,0.6379,0.2241,-0.7368,0,-0.2332,0.968,0.0926,0,0.7402,1.1972,-1.0995,1]},
{"frame":13,"values":[0.7367,0.1128,0.6667,0,0.6348,0.2241,-0.7394,0,-0.2328,0.968,0.0935,0,0.7402,1.1972,-1.0995,1]},
{"frame":14,"values":[0.7444,0.1128,0.6581,0,0.6262,0.224,-0.7468,0,-0.2316,0.968,0.0961,0,0.7402,1.1972,-1.0995,1]},
{"frame":15,"values":[0.7559,0.1128,0.6449,0,0.613,0.2239,-0.7577,0,-0.2298,0.9681,0.1001,0,0.7402,1.1972,-1.0995,1]},
{"frame":16,"values":[0.7699,0.1128,0.6281,0,0.5962,0.2237,-0.771,0,-0.2275,0.9681,0.105,0,0.7402,1.1972,-1.0995,1]},
{"frame":17,"values":[0.7854,0.1128,0.6086,0,0.5768,0.2235,-0.7857,0,-0.2247,0.9681,0.1105,0,0.7402,1.1972,-1.0995,1]},
{"frame":18,"values":[0.8013,0.1128,0.5876,0,0.5558,0.2233,-0.8008,0,-0.2216,0.9682,0.1162,0,0.7402,1.1972,-1.0995,1]},
{"frame":19,"values":[0.8166,0.1128,0.5661,0,0.5344,0.2231,-0.8153,0,-0.2183,0.9682,0.1219,0,0.7402,1.1972,-1.0995,1]},
{"frame":20,"values":[0.8305,0.1128,0.5455,0,0.5138,0.223,-0.8284,0,-0.2151,0.9683,0.1272,0,0.7402,1.1972,-1.0995,1]},
{"frame":21,"values":[0.8423,0.1128,0.527,0,0.4954,0.2228,-0.8396,0,-0.2121,0.9683,0.1318,0,0.7402,1.1972,-1.0995,1]},
{"frame":22,"values":[0.8515,0.1128,0.5121,0,0.4806,0.2227,-0.8482,0,-0.2097,0.9683,0.1354,0,0.7402,1.1972,-1.0995,1]},
{"frame":23,"values":[0.8574,0.1128,0.5022,0,0.4708,0.2226,-0.8537,0,-0.2081,0.9684,0.1377,0,0.7402,1.1972,-1.0995,1]},
{"frame":24,"values":[0.8595,0.1128,0.4986,0,0.4672,0.2226,-0.8557,0,-0.2075,0.9684,0.1386,0,0.7402,1.1972,-1.0995,1]},
{"frame":25,"values":[0.8579,0.1128,0.5013,0,0.4699,0.2226,-0.8542,0,-0.2079,0.9684,0.138,0,0.7402,1.1972,-1.0995,1]},
{"frame":26,"values":[0.8537,0.1128,0.5083,0,0.4769,0.2226,-0.8503,0,-0.2091,0.9684,0.1363,0,0.7402,1.1972,-1.0995,1]},
{"frame":27,"values":[0.8477,0.1128,0.5183,0,0.4867,0.2227,-0.8447,0,-0.2107,0.9683,0.1339,0,0.7402,1.1972,-1.0995,1]},
{"frame":28,"values":[0.8407,0.1128,0.5295,0,0.498,0.2228,-0.8381,0,-0.2125,0.9683,0.1312,0,0.7402,1.1972,-1.0995,1]},
{"frame":29,"values":[0.8336,0.1128,0.5407,0,0.5091,0.2229,-0.8313,0,-0.2143,0.9683,0.1284,0,0.7402,1.1972,-1.0995,1]},
{"frame":30,"values":[0.8272,0.1128,0.5504,0,0.5187,0.223,-0.8253,0,-0.2159,0.9683,0.126,0,0.7402,1.1972,-1.0995,1]},
{"frame":31,"values":[0.8227,0.1128,0.5572,0,0.5255,0.2231,-0.821,0,-0.2169,0.9683,0.1242,0,0.7402,1.1972,-1.0995,1]},
{"frame":32,"values":[0.8209,0.1128,0.5598,0,0.5281,0.2231,-0.8194,0,-0.2173,0.9682,0.1236,0,0.7402,1.1972,-1.0995,1]},
{"frame":41,"values":[0.8209,0.1128,0.5598,0,0.5281,0.2231,-0.8194,0,-0.2173,0.9682,0.1236,0,0.7402,1.1972,-1.0995,1]},
{"frame":72,"values":[0.8209,0.1128,0.5598,0,0.5281,0.2231,-0.8194,0,-0.2173,0.9682,0.1236,0,0.7402,1.1972,-1.0995,1]},
{"frame":81,"values":[0.8209,0.1128,0.5598,0,0.5281,0.2231,-0.8194,0,-0.2173,0.9682,0.1236,0,0.7402,1.1972,-1.0995,1]},
{"frame":112,"values":[0.8209,0.1128,0.5598,0,0.5281,0.2231,-0.8194,0,-0.2173,0.9682,0.1236,0,0.7402,1.1972,-1.0995,1]}]}},
{"name":"jambR","index":3,"matrix":[-0.1758,0.2627,0.9487,0,-0.1551,0.9443,-0.2902,0,-0.9721,-0.1982,-0.1253,0,1.0292,0.7165,0.8603,1],"rest":[-0.1732,0.2814,0.9438,0,-0.1525,0.9391,-0.308,0,-0.973,-0.1973,-0.1198,0,1.0292,0.7165,0.8603,1],"parentBoneIndex":1,"length":1.2098
,"animation":
{"name":"anim","property":"_matrix","dataType":3,"framePerSecond":24,"loopBehavior":1,"keys":[
{"frame":1,"values":[-0.1732,0.2814,0.9438,0,-0.1525,0.9391,-0.308,0,-0.973,-0.1973,-0.1198,0,1.0292,0.7165,0.8603,1]},
{"frame":32,"values":[-0.1732,0.2814,0.9438,0,-0.1525,0.9391,-0.308,0,-0.973,-0.1973,-0.1198,0,1.0292,0.7165,0.8603,1]},
{"frame":41,"values":[-0.1732,0.2814,0.9438,0,-0.1525,0.9391,-0.308,0,-0.973,-0.1973,-0.1198,0,1.0292,0.7165,0.8603,1]},
{"frame":42,"values":[-0.1758,0.2627,0.9487,0,-0.1551,0.9443,-0.2902,0,-0.9721,-0.1982,-0.1253,0,1.0292,0.7165,0.8603,1]},
{"frame":43,"values":[-0.1827,0.2101,0.9604,0,-0.1624,0.957,-0.2403,0,-0.9697,-0.1998,-0.1408,0,1.0292,0.7165,0.8603,1]},
{"frame":44,"values":[-0.1926,0.1283,0.9729,0,-0.1737,0.9713,-0.1625,0,-0.9658,-0.2003,-0.1648,0,1.0292,0.7165,0.8603,1]},
{"frame":45,"values":[-0.2038,0.0227,0.9788,0,-0.1884,0.9801,-0.062,0,-0.9607,-0.1971,-0.1955,0,1.0292,0.7165,0.8603,1]},
{"frame":46,"values":[-0.2148,-0.099,0.9716,0,-0.2056,0.9771,0.0541,0,-0.9548,-0.1881,-0.2302,0,1.0292,0.7165,0.8603,1]},
{"frame":47,"values":[-0.2244,-0.2272,0.9476,0,-0.2236,0.9585,0.1769,0,-0.9485,-0.1722,-0.2659,0,1.0292,0.7165,0.8603,1]},
{"frame":48,"values":[-0.2321,-0.3514,0.907,0,-0.2406,0.9242,0.2965,0,-0.9425,-0.1494,-0.2991,0,1.0292,0.7165,0.8603,1]},
{"frame":49,"values":[-0.2384,-0.4619,0.8543,0,-0.2546,0.8786,0.404,0,-0.9372,-0.1212,-0.327,0,1.0292,0.7165,0.8603,1]},
{"frame":50,"values":[-0.244,-0.5519,0.7974,0,-0.2635,0.8291,0.4931,0,-0.9333,-0.0898,-0.3477,0,1.0292,0.7165,0.8603,1]},
{"frame":51,"values":[-0.2505,-0.6174,0.7457,0,-0.2656,0.7846,0.5603,0,-0.931,-0.0577,-0.3605,0,1.0292,0.7165,0.8603,1]},
{"frame":52,"values":[-0.259,-0.6567,0.7083,0,-0.2592,0.7537,0.604,0,-0.9304,-0.0271,-0.3654,0,1.0292,0.7165,0.8603,1]},
{"frame":53,"values":[-0.2704,-0.6685,0.6928,0,-0.2423,0.7437,0.623,0,-0.9317,0.0006,-0.3631,0,1.0292,0.7165,0.8603,1]},
{"frame":54,"values":[-0.2835,-0.6518,0.7034,0,-0.2128,0.758,0.6166,0,-0.935,0.0251,-0.3536,0,1.0292,0.7165,0.8603,1]},
{"frame":55,"values":[-0.2957,-0.609,0.736,0,-0.1707,0.7917,0.5865,0,-0.9399,0.0478,-0.3381,0,1.0292,0.7165,0.8603,1]},
{"frame":56,"values":[-0.3039,-0.5413,0.784,0,-0.1174,0.8379,0.5331,0,-0.9454,0.07,-0.3182,0,1.0292,0.7165,0.8603,1]},
{"frame":57,"values":[-0.3051,-0.4501,0.8392,0,-0.0551,0.8881,0.4562,0,-0.9507,0.0929,-0.2958,0,1.0292,0.7165,0.8603,1]},
{"frame":58,"values":[-0.2966,-0.3386,0.893,0,0.0124,0.9336,0.3581,0,-0.9549,0.1173,-0.2727,0,1.0292,0.7165,0.8603,1]},
{"frame":59,"values":[-0.2772,-0.2134,0.9368,0,0.0803,0.9665,0.2439,0,-0.9574,0.1429,-0.2508,0,1.0292,0.7165,0.8603,1]},
{"frame":60,"values":[-0.2481,-0.0841,0.9651,0,0.1432,0.9821,0.1224,0,-0.9581,0.1686,-0.2316,0,1.0292,0.7165,0.8603,1]},
{"frame":61,"values":[-0.2129,0.0386,0.9763,0,0.1965,0.9805,0.0041,0,-0.9571,0.1928,-0.2163,0,1.0292,0.7165,0.8603,1]},
{"frame":62,"values":[-0.1767,0.1445,0.9736,0,0.2374,0.9662,-0.1003,0,-0.9552,0.2134,-0.2051,0,1.0292,0.7165,0.8603,1]},
{"frame":63,"values":[-0.1454,0.226,0.9632,0,0.2649,0.9469,-0.1822,0,-0.9532,0.2287,-0.1975,0,1.0292,0.7165,0.8603,1]},
{"frame":64,"values":[-0.124,0.2778,0.9526,0,0.2795,0.9309,-0.2351,0,-0.9521,0.2371,-0.1931,0,1.0292,0.7165,0.8603,1]},
{"frame":65,"values":[-0.1165,0.2961,0.948,0,0.2818,0.9252,-0.2543,0,-0.9524,0.2375,-0.1912,0,1.0292,0.7165,0.8603,1]},
{"frame":66,"values":[-0.1202,0.2959,0.9476,0,0.2554,0.9316,-0.2585,0,-0.9593,0.211,-0.1875,0,1.0292,0.7165,0.8603,1]},
{"frame":67,"values":[-0.1287,0.2951,0.9468,0,0.1933,0.9439,-0.2679,0,-0.9727,0.1485,-0.1785,0,1.0292,0.7165,0.8603,1]},
{"frame":68,"values":[-0.14,0.2932,0.9458,0,0.1088,0.9539,-0.2796,0,-0.9842,0.0638,-0.1654,0,1.0292,0.7165,0.8603,1]},
{"frame":69,"values":[-0.152,0.29,0.9449,0,0.0166,0.9566,-0.291,0,-0.9882,-0.0286,-0.1502,0,1.0292,0.7165,0.8603,1]},
{"frame":70,"values":[-0.1627,0.2862,0.9443,0,-0.0678,0.9515,-0.3001,0,-0.9843,-0.1129,-0.1354,0,1.0292,0.7165,0.8603,1]},
{"frame":71,"values":[-0.1703,0.2828,0.9439,0,-0.129,0.9433,-0.3059,0,-0.9769,-0.1738,-0.1242,0,1.0292,0.7165,0.8603,1]},
{"frame":72,"values":[-0.1732,0.2814,0.9438,0,-0.1525,0.9391,-0.308,0,-0.973,-0.1973,-0.1198,0,1.0292,0.7165,0.8603,1]},
{"frame":81,"values":[-0.1732,0.2814,0.9438,0,-0.1525,0.9391,-0.308,0,-0.973,-0.1973,-0.1198,0,1.0292,0.7165,0.8603,1]},
{"frame":82,"values":[-0.1681,0.2822,0.9445,0,-0.1448,0.9407,-0.3069,0,-0.9751,-0.1884,-0.1173,0,1.0292,0.7165,0.8603,1]},
{"frame":83,"values":[-0.1549,0.2842,0.9462,0,-0.1251,0.9444,-0.3041,0,-0.98,-0.1655,-0.1108,0,1.0292,0.7165,0.8603,1]},
{"frame":84,"values":[-0.1368,0.2863,0.9483,0,-0.0979,0.9487,-0.3006,0,-0.9857,-0.134,-0.1018,0,1.0292,0.7165,0.8603,1]},
{"frame":85,"values":[-0.117,0.288,0.9505,0,-0.0681,0.9525,-0.297,0,-0.9908,-0.0994,-0.0918,0,1.0292,0.7165,0.8603,1]},
{"frame":86,"values":[-0.0988,0.2889,0.9522,0,-0.0406,0.955,-0.294,0,-0.9943,-0.0677,-0.0826,0,1.0292,0.7165,0.8603,1]},
{"frame":87,"values":[-0.0854,0.2892,0.9534,0,-0.0204,0.9562,-0.2919,0,-0.9961,-0.0444,-0.0758,0,1.0292,0.7165,0.8603,1]},
{"frame":88,"values":[-0.0802,0.2893,0.9539,0,-0.0126,0.9566,-0.2912,0,-0.9967,-0.0354,-0.0731,0,1.0292,0.7165,0.8603,1]},
{"frame":102,"values":[-0.0824,0.2893,0.9537,0,-0.0159,0.9564,-0.2915,0,-0.9965,-0.0392,-0.0742,0,1.0292,0.7165,0.8603,1]},
{"frame":103,"values":[-0.0884,0.2892,0.9532,0,-0.0249,0.956,-0.2924,0,-0.9958,-0.0496,-0.0773,0,1.0292,0.7165,0.8603,1]},
{"frame":104,"values":[-0.0973,0.289,0.9524,0,-0.0384,0.9551,-0.2937,0,-0.9945,-0.0651,-0.0818,0,1.0292,0.7165,0.8603,1]},
{"frame":105,"values":[-0.1083,0.2885,0.9513,0,-0.055,0.9538,-0.2955,0,-0.9926,-0.0843,-0.0875,0,1.0292,0.7165,0.8603,1]},
{"frame":106,"values":[-0.1206,0.2877,0.9501,0,-0.0735,0.9519,-0.2976,0,-0.99,-0.1057,-0.0937,0,1.0292,0.7165,0.8603,1]},
{"frame":107,"values":[-0.1333,0.2867,0.9487,0,-0.0925,0.9495,-0.2999,0,-0.9868,-0.1277,-0.1,0,1.0292,0.7165,0.8603,1]},
{"frame":108,"values":[-0.1455,0.2854,0.9473,0,-0.1109,0.9468,-0.3022,0,-0.9831,-0.149,-0.1061,0,1.0292,0.7165,0.8603,1]},
{"frame":109,"values":[-0.1564,0.284,0.946,0,-0.1273,0.944,-0.3044,0,-0.9795,-0.168,-0.1115,0,1.0292,0.7165,0.8603,1]},
{"frame":110,"values":[-0.1652,0.2827,0.9449,0,-0.1405,0.9415,-0.3063,0,-0.9762,-0.1833,-0.1158,0,1.0292,0.7165,0.8603,1]},
{"frame":111,"values":[-0.1711,0.2818,0.9441,0,-0.1493,0.9398,-0.3075,0,-0.9739,-0.1935,-0.1187,0,1.0292,0.7165,0.8603,1]},
{"frame":112,"values":[-0.1732,0.2814,0.9438,0,-0.1525,0.9391,-0.308,0,-0.973,-0.1973,-0.1198,0,1.0292,0.7165,0.8603,1]}]}},
{"name":"jambL","index":4,"matrix":[-0.3667,0.1637,-0.9158,0,0.1754,0.9789,0.1047,0,0.9136,-0.1222,-0.3877,0,-1.2193,0.7022,-0.8243,1],"rest":[-0.3613,0.1762,-0.9156,0,0.1744,0.9774,0.1193,0,0.916,-0.1166,-0.3839,0,-1.2193,0.7022,-0.8243,1],"parentBoneIndex":1,"length":1.1802
,"animation":
{"name":"anim","property":"_matrix","dataType":3,"framePerSecond":24,"loopBehavior":1,"keys":[
{"frame":1,"values":[-0.3613,0.1762,-0.9156,0,0.1744,0.9774,0.1193,0,0.916,-0.1166,-0.3839,0,-1.2193,0.7022,-0.8243,1]},
{"frame":32,"values":[-0.3613,0.1762,-0.9156,0,0.1744,0.9774,0.1193,0,0.916,-0.1166,-0.3839,0,-1.2193,0.7022,-0.8243,1]},
{"frame":41,"values":[-0.3613,0.1762,-0.9156,0,0.1744,0.9774,0.1193,0,0.916,-0.1166,-0.3839,0,-1.2193,0.7022,-0.8243,1]},
{"frame":42,"values":[-0.3667,0.1637,-0.9158,0,0.1754,0.9789,0.1047,0,0.9136,-0.1222,-0.3877,0,-1.2193,0.7022,-0.8243,1]},
{"frame":43,"values":[-0.3818,0.1288,-0.9153,0,0.1778,0.982,0.064,0,0.907,-0.1383,-0.3978,0,-1.2193,0.7022,-0.8243,1]},
{"frame":44,"values":[-0.4047,0.0757,-0.9113,0,0.1801,0.9836,0.0017,0,0.8965,-0.1635,-0.4117,0,-1.2193,0.7022,-0.8243,1]},
{"frame":45,"values":[-0.4336,0.0092,-0.9011,0,0.1809,0.9805,-0.077,0,0.8828,-0.1964,-0.4268,0,-1.2193,0.7022,-0.8243,1]},
{"frame":46,"values":[-0.4663,-0.0657,-0.8822,0,0.1786,0.9697,-0.1666,0,0.8664,-0.2352,-0.4405,0,-1.2193,0.7022,-0.8243,1]},
{"frame":47,"values":[-0.5004,-0.1431,-0.8539,0,0.1725,0.95,-0.2603,0,0.8484,-0.2776,-0.4507,0,-1.2193,0.7022,-0.8243,1]},
{"frame":48,"values":[-0.5334,-0.2175,-0.8174,0,0.1628,0.9219,-0.3516,0,0.8301,-0.3206,-0.4563,0,-1.2193,0.7022,-0.8243,1]},
{"frame":49,"values":[-0.5631,-0.2841,-0.776,0,0.1505,0.8881,-0.4343,0,0.8126,-0.3613,-0.4574,0,-1.2193,0.7022,-0.8243,1]},
{"frame":50,"values":[-0.5879,-0.3391,-0.7344,0,0.1372,0.853,-0.5036,0,0.7972,-0.3968,-0.4549,0,-1.2193,0.7022,-0.8243,1]},
{"frame":51,"values":[-0.6066,-0.3803,-0.6982,0,0.1251,0.8216,-0.5561,0,0.7851,-0.4247,-0.4508,0,-1.2193,0.7022,-0.8243,1]},
{"frame":52,"values":[-0.6183,-0.4061,-0.6729,0,0.1164,0.7994,-0.5894,0,0.7772,-0.4428,-0.447,0,-1.2193,0.7022,-0.8243,1]},
{"frame":53,"values":[-0.6225,-0.4152,-0.6634,0,0.1131,0.7911,-0.6012,0,0.7744,-0.4493,-0.4455,0,-1.2193,0.7022,-0.8243,1]},
{"frame":54,"values":[-0.6169,-0.4136,-0.6696,0,0.1023,0.8014,-0.5893,0,0.7804,-0.4321,-0.452,0,-1.2193,0.7022,-0.8243,1]},
{"frame":55,"values":[-0.6011,-0.408,-0.6872,0,0.0719,0.8288,-0.555,0,0.796,-0.383,-0.4688,0,-1.2193,0.7022,-0.8243,1]},
{"frame":56,"values":[-0.5771,-0.3961,-0.7142,0,0.0236,0.8661,-0.4994,0,0.8163,-0.305,-0.4904,0,-1.2193,0.7022,-0.8243,1]},
{"frame":57,"values":[-0.5473,-0.3753,-0.7481,0,-0.0404,0.9047,-0.4242,0,0.836,-0.2019,-0.5102,0,-1.2193,0.7022,-0.8243,1]},
{"frame":58,"values":[-0.5146,-0.3434,-0.7857,0,-0.1165,0.9358,-0.3326,0,0.8495,-0.0796,-0.5215,0,-1.2193,0.7022,-0.8243,1]},
{"frame":59,"values":[-0.4823,-0.2999,-0.8231,0,-0.1994,0.9525,-0.2301,0,0.853,0.0532,-0.5192,0,-1.2193,0.7022,-0.8243,1]},
{"frame":60,"values":[-0.4534,-0.2462,-0.8566,0,-0.2822,0.9513,-0.124,0,0.8454,0.1855,-0.5008,0,-1.2193,0.7022,-0.8243,1]},
{"frame":61,"values":[-0.4303,-0.1856,-0.8834,0,-0.3578,0.9336,-0.0219,0,0.8288,0.3066,-0.4681,0,-1.2193,0.7022,-0.8243,1]},
{"frame":62,"values":[-0.4135,-0.1225,-0.9022,0,-0.42,0.9049,0.0696,0,0.8079,0.4077,-0.4256,0,-1.2193,0.7022,-0.8243,1]},
{"frame":63,"values":[-0.4026,-0.0612,-0.9133,0,-0.4643,0.8735,0.1462,0,0.7889,0.4829,-0.3801,0,-1.2193,0.7022,-0.8243,1]},
{"frame":64,"values":[-0.3961,-0.0049,-0.9182,0,-0.4878,0.8483,0.2059,0,0.7779,0.5294,-0.3384,0,-1.2193,0.7022,-0.8243,1]},
{"frame":65,"values":[-0.392,0.0438,-0.9189,0,-0.4874,0.8373,0.2478,0,0.7803,0.545,-0.3069,0,-1.2193,0.7022,-0.8243,1]},
{"frame":66,"values":[-0.3893,0.0839,-0.9173,0,-0.4443,0.8553,0.2667,0,0.8069,0.5114,-0.2957,0,-1.2193,0.7022,-0.8243,1]},
{"frame":67,"values":[-0.386,0.1163,-0.9152,0,-0.351,0.8989,0.2622,0,0.8531,0.4224,-0.3061,0,-1.2193,0.7022,-0.8243,1]},
{"frame":68,"values":[-0.3807,0.1412,-0.9139,0,-0.2226,0.9452,0.2388,0,0.8975,0.2944,-0.3284,0,-1.2193,0.7022,-0.8243,1]},
{"frame":69,"values":[-0.374,0.1588,-0.9137,0,-0.0809,0.9759,0.2027,0,0.9239,0.1497,-0.3522,0,-1.2193,0.7022,-0.8243,1]},
{"frame":70,"values":[-0.3676,0.1695,-0.9144,0,0.0481,0.9854,0.1633,0,0.9288,0.0161,-0.3703,0,-1.2193,0.7022,-0.8243,1]},
{"frame":71,"values":[-0.363,0.1748,-0.9153,0,0.1397,0.9814,0.132,0,0.9213,-0.08,-0.3806,0,-1.2193,0.7022,-0.8243,1]},
{"frame":72,"values":[-0.3613,0.1762,-0.9156,0,0.1744,0.9774,0.1193,0,0.916,-0.1166,-0.3839,0,-1.2193,0.7022,-0.8243,1]},
{"frame":81,"values":[-0.3613,0.1762,-0.9156,0,0.1744,0.9774,0.1193,0,0.916,-0.1166,-0.3839,0,-1.2193,0.7022,-0.8243,1]},
{"frame":82,"values":[-0.3494,0.1747,-0.9205,0,0.1606,0.9791,0.1249,0,0.9231,-0.1042,-0.3702,0,-1.2193,0.7022,-0.8243,1]},
{"frame":83,"values":[-0.3173,0.171,-0.9328,0,0.1243,0.9826,0.1379,0,0.9401,-0.0722,-0.3331,0,-1.2193,0.7022,-0.8243,1]},
{"frame":84,"values":[-0.2703,0.1668,-0.9482,0,0.0733,0.9856,0.1524,0,0.96,-0.0283,-0.2786,0,-1.2193,0.7022,-0.8243,1]},
{"frame":85,"values":[-0.2143,0.1629,-0.9631,0,0.0162,0.9864,0.1633,0,0.9766,0.0194,-0.214,0,-1.2193,0.7022,-0.8243,1]},
{"frame":86,"values":[-0.1557,0.1592,-0.9749,0,-0.0375,0.9853,0.1669,0,0.9871,0.0625,-0.1474,0,-1.2193,0.7022,-0.8243,1]},
{"frame":87,"values":[-0.1015,0.1537,-0.9829,0,-0.0779,0.9837,0.1618,0,0.9918,0.093,-0.0879,0,-1.2193,0.7022,-0.8243,1]},
{"frame":88,"values":[-0.0585,0.1433,-0.988,0,-0.0957,0.9843,0.1484,0,0.9937,0.1032,-0.0439,0,-1.2193,0.7022,-0.8243,1]},
{"frame":89,"values":[-0.0314,0.1034,-0.9941,0,-0.0636,0.9924,0.1052,0,0.9975,0.0665,-0.0246,0,-1.2193,0.7022,-0.8243,1]},
{"frame":90,"values":[-0.0219,0.0271,-0.9994,0,0.0189,0.9995,0.0267,0,0.9996,-0.0183,-0.0224,0,-1.2193,0.7022,-0.8243,1]},
{"frame":91,"values":[-0.0301,-0.059,-0.9978,0,0.1178,0.9911,-0.0622,0,0.9926,-0.1194,-0.0229,0,-1.2193,0.7022,-0.8243,1]},
{"frame":92,"values":[-0.0474,-0.1274,-0.9907,0,0.1986,0.9708,-0.1343,0,0.9789,-0.2031,-0.0208,0,-1.2193,0.7022,-0.8243,1]},
{"frame":93,"values":[-0.0571,-0.1547,-0.9863,0,0.2314,0.959,-0.1638,0,0.9712,-0.2376,-0.019,0,-1.2193,0.7022,-0.8243,1]},
{"frame":102,"values":[-0.0641,-0.1468,-0.9871,0,0.2291,0.9605,-0.1577,0,0.9713,-0.2362,-0.0279,0,-1.2193,0.7022,-0.8243,1]},
{"frame":103,"values":[-0.0833,-0.1249,-0.9887,0,0.223,0.9646,-0.1407,0,0.9712,-0.2322,-0.0525,0,-1.2193,0.7022,-0.8243,1]},
{"frame":104,"values":[-0.1122,-0.0922,-0.9894,0,0.2146,0.9699,-0.1147,0,0.9702,-0.2252,-0.0891,0,-1.2193,0.7022,-0.8243,1]},
{"frame":105,"values":[-0.1484,-0.0518,-0.9876,0,0.2051,0.9753,-0.082,0,0.9674,-0.2148,-0.1341,0,-1.2193,0.7022,-0.8243,1]},
{"frame":106,"values":[-0.1889,-0.0071,-0.982,0,0.196,0.9796,-0.0448,0,0.9622,-0.2009,-0.1837,0,-1.2193,0.7022,-0.8243,1]},
{"frame":107,"values":[-0.2309,0.0385,-0.9722,0,0.1881,0.9821,-0.0058,0,0.9546,-0.1842,-0.234,0,-1.2193,0.7022,-0.8243,1]},
{"frame":108,"values":[-0.2712,0.0818,-0.959,0,0.1821,0.9827,0.0323,0,0.9451,-0.1659,-0.2814,0,-1.2193,0.7022,-0.8243,1]},
{"frame":109,"values":[-0.307,0.1197,-0.9442,0,0.1781,0.9818,0.0665,0,0.9349,-0.1477,-0.3227,0,-1.2193,0.7022,-0.8243,1]},
{"frame":110,"values":[-0.3356,0.1496,-0.9301,0,0.1758,0.9799,0.0942,0,0.9255,-0.1319,-0.3551,0,-1.2193,0.7022,-0.8243,1]},
{"frame":111,"values":[-0.3545,0.1692,-0.9196,0,0.1747,0.9782,0.1126,0,0.9186,-0.1207,-0.3763,0,-1.2193,0.7022,-0.8243,1]},
{"frame":112,"values":[-0.3613,0.1762,-0.9156,0,0.1744,0.9774,0.1193,0,0.916,-0.1166,-0.3839,0,-1.2193,0.7022,-0.8243,1]}]}},
{"name":"brasR","index":5,"matrix":[-0.4109,0.9062,-0.0996,0,0.7185,0.3891,0.5765,0,0.5612,0.1654,-0.811,0,0.4344,0.2013,0.3907,1],"rest":[-0.4022,0.9107,-0.0939,0,0.7312,0.3812,0.5657,0,0.551,0.1588,-0.8192,0,0.4344,0.2013,0.3907,1],"parentBoneIndex":0,"length":1.8327
,"animation":
{"name":"anim","property":"_matrix","dataType":3,"framePerSecond":24,"loopBehavior":1,"keys":[
{"frame":1,"values":[-0.4022,0.9107,-0.0939,0,0.7312,0.3812,0.5657,0,0.551,0.1588,-0.8192,0,0.4344,0.2013,0.3907,1]},
{"frame":13,"values":[-0.4024,0.9107,-0.0928,0,0.7328,0.3812,0.5636,0,0.5487,0.1588,-0.8208,0,0.4344,0.2013,0.3907,1]},
{"frame":14,"values":[-0.4032,0.9107,-0.0897,0,0.7373,0.3813,0.5576,0,0.542,0.1587,-0.8252,0,0.4344,0.2013,0.3907,1]},
{"frame":15,"values":[-0.4042,0.9107,-0.0849,0,0.7441,0.3814,0.5485,0,0.5319,0.1585,-0.8318,0,0.4344,0.2013,0.3907,1]},
{"frame":16,"values":[-0.4054,0.9107,-0.079,0,0.7524,0.3815,0.537,0,0.5192,0.1583,-0.8399,0,0.4344,0.2013,0.3907,1]},
{"frame":17,"values":[-0.4067,0.9107,-0.0722,0,0.7616,0.3816,0.5238,0,0.5046,0.1581,-0.8488,0,0.4344,0.2013,0.3907,1]},
{"frame":18,"values":[-0.408,0.9107,-0.0649,0,0.7711,0.3818,0.5096,0,0.4889,0.1578,-0.8579,0,0.4344,0.2013,0.3907,1]},
{"frame":19,"values":[-0.4091,0.9107,-0.0577,0,0.7803,0.3819,0.4953,0,0.4731,0.1576,-0.8668,0,0.4344,0.2013,0.3907,1]},
{"frame":20,"values":[-0.41,0.9107,-0.0509,0,0.7888,0.382,0.4816,0,0.458,0.1573,-0.8749,0,0.4344,0.2013,0.3907,1]},
{"frame":21,"values":[-0.4107,0.9106,-0.0448,0,0.796,0.3821,0.4694,0,0.4446,0.1571,-0.8819,0,0.4344,0.2013,0.3907,1]},
{"frame":22,"values":[-0.4112,0.9106,-0.04,0,0.8017,0.3822,0.4596,0,0.4338,0.1569,-0.8872,0,0.4344,0.2013,0.3907,1]},
{"frame":23,"values":[-0.4116,0.9106,-0.0368,0,0.8054,0.3823,0.4531,0,0.4266,0.1568,-0.8907,0,0.4344,0.2013,0.3907,1]},
{"frame":24,"values":[-0.4117,0.9106,-0.0356,0,0.8067,0.3823,0.4507,0,0.424,0.1568,-0.892,0,0.4344,0.2013,0.3907,1]},
{"frame":25,"values":[-0.4114,0.9106,-0.0382,0,0.8038,0.3822,0.4559,0,0.4297,0.1569,-0.8892,0,0.4344,0.2013,0.3907,1]},
{"frame":26,"values":[-0.4107,0.9106,-0.0448,0,0.796,0.3821,0.4694,0,0.4446,0.1571,-0.8819,0,0.4344,0.2013,0.3907,1]},
{"frame":27,"values":[-0.4096,0.9107,-0.0542,0,0.7846,0.382,0.4883,0,0.4654,0.1575,-0.871,0,0.4344,0.2013,0.3907,1]},
{"frame":28,"values":[-0.408,0.9107,-0.0649,0,0.7711,0.3818,0.5096,0,0.4889,0.1578,-0.8579,0,0.4344,0.2013,0.3907,1]},
{"frame":29,"values":[-0.4061,0.9107,-0.0756,0,0.7569,0.3816,0.5306,0,0.5121,0.1582,-0.8443,0,0.4344,0.2013,0.3907,1]},
{"frame":30,"values":[-0.4042,0.9107,-0.0849,0,0.7441,0.3814,0.5485,0,0.5319,0.1585,-0.8318,0,0.4344,0.2013,0.3907,1]},
{"frame":31,"values":[-0.4027,0.9107,-0.0914,0,0.7348,0.3813,0.561,0,0.5458,0.1588,-0.8227,0,0.4344,0.2013,0.3907,1]},
{"frame":32,"values":[-0.4022,0.9107,-0.0939,0,0.7312,0.3812,0.5657,0,0.551,0.1588,-0.8192,0,0.4344,0.2013,0.3907,1]},
{"frame":41,"values":[-0.4022,0.9107,-0.0939,0,0.7312,0.3812,0.5657,0,0.551,0.1588,-0.8192,0,0.4344,0.2013,0.3907,1]},
{"frame":42,"values":[-0.4109,0.9062,-0.0996,0,0.7185,0.3891,0.5765,0,0.5612,0.1654,-0.811,0,0.4344,0.2013,0.3907,1]},
{"frame":43,"values":[-0.4348,0.8931,-0.1157,0,0.6818,0.4104,0.6055,0,0.5883,0.1844,-0.7874,0,0.4344,0.2013,0.3907,1]},
{"frame":44,"values":[-0.4694,0.8715,-0.1416,0,0.6226,0.4404,0.6469,0,0.6262,0.2155,-0.7493,0,0.4344,0.2013,0.3907,1]},
{"frame":45,"values":[-0.5099,0.8419,-0.1766,0,0.5421,0.4739,0.6939,0,0.6679,0.2581,-0.698,0,0.4344,0.2013,0.3907,1]},
{"frame":46,"values":[-0.5514,0.8049,-0.2193,0,0.4435,0.5055,0.7401,0,0.7066,0.3108,-0.6357,0,0.4344,0.2013,0.3907,1]},
{"frame":47,"values":[-0.5896,0.7622,-0.2672,0,0.3325,0.5305,0.7798,0,0.7361,0.3709,-0.5662,0,0.4344,0.2013,0.3907,1]},
{"frame":48,"values":[-0.6216,0.7165,-0.3166,0,0.2167,0.5457,0.8095,0,0.7527,0.4346,-0.4945,0,0.4344,0.2013,0.3907,1]},
{"frame":49,"values":[-0.6468,0.6705,-0.3634,0,0.1049,0.5502,0.8284,0,0.7554,0.4977,-0.4262,0,0.4344,0.2013,0.3907,1]},
{"frame":50,"values":[-0.6662,0.6272,-0.4034,0,0.0055,0.545,0.8384,0,0.7457,0.5564,-0.3666,0,0.4344,0.2013,0.3907,1]},
{"frame":51,"values":[-0.6826,0.589,-0.4325,0,-0.0744,0.5328,0.843,0,0.727,0.6076,-0.3199,0,0.4344,0.2013,0.3907,1]},
{"frame":52,"values":[-0.6993,0.5577,-0.4472,0,-0.1289,0.5169,0.8463,0,0.7031,0.6494,-0.2896,0,0.4344,0.2013,0.3907,1]},
{"frame":53,"values":[-0.7193,0.5347,-0.4434,0,-0.1529,0.5007,0.852,0,0.6776,0.6807,-0.2784,0,0.4344,0.2013,0.3907,1]},
{"frame":54,"values":[-0.7475,0.5203,-0.413,0,-0.1304,0.4947,0.8592,0,0.6513,0.6961,-0.3019,0,0.4344,0.2013,0.3907,1]},
{"frame":55,"values":[-0.7831,0.5137,-0.3505,0,-0.0532,0.5062,0.8608,0,0.6196,0.6928,-0.3691,0,0.4344,0.2013,0.3907,1]},
{"frame":56,"values":[-0.8171,0.517,-0.2552,0,0.0726,0.5313,0.8441,0,0.5719,0.6711,-0.4716,0,0.4344,0.2013,0.3907,1]},
{"frame":57,"values":[-0.8359,0.5333,-0.1297,0,0.2365,0.5632,0.7917,0,0.4953,0.6311,-0.597,0,0.4344,0.2013,0.3907,1]},
{"frame":58,"values":[-0.8249,0.565,0.0156,0,0.4185,0.592,0.6888,0,0.3799,0.5747,-0.7248,0,0.4344,0.2013,0.3907,1]},
{"frame":59,"values":[-0.7753,0.6106,0.1616,0,0.5893,0.6072,0.5329,0,0.2272,0.5084,-0.8306,0,0.4344,0.2013,0.3907,1]},
{"frame":60,"values":[-0.6906,0.664,0.2865,0,0.7212,0.6031,0.3407,0,0.0535,0.442,-0.8954,0,0.4344,0.2013,0.3907,1]},
{"frame":61,"values":[-0.5872,0.7168,0.3761,0,0.801,0.5815,0.1425,0,-0.1165,0.3849,-0.9156,0,0.4344,0.2013,0.3907,1]},
{"frame":62,"values":[-0.4856,0.7615,0.4292,0,0.8343,0.5504,-0.0326,0,-0.261,0.3423,-0.9026,0,0.4344,0.2013,0.3907,1]},
{"frame":63,"values":[-0.4025,0.7946,0.4546,0,0.8382,0.5195,-0.1658,0,-0.3679,0.3143,-0.8751,0,0.4344,0.2013,0.3907,1]},
{"frame":64,"values":[-0.3482,0.8147,0.4637,0,0.8313,0.497,-0.249,0,-0.4333,0.2988,-0.8503,0,0.4344,0.2013,0.3907,1]},
{"frame":65,"values":[-0.3288,0.8216,0.4656,0,0.8271,0.4885,-0.2779,0,-0.4558,0.2937,-0.8402,0,0.4344,0.2013,0.3907,1]},
{"frame":66,"values":[-0.3481,0.8278,0.4399,0,0.8457,0.4798,-0.2335,0,-0.4044,0.2908,-0.8671,0,0.4344,0.2013,0.3907,1]},
{"frame":67,"values":[-0.3912,0.8437,0.3674,0,0.882,0.4578,-0.1121,0,-0.2628,0.2802,-0.9233,0,0.4344,0.2013,0.3907,1]},
{"frame":68,"values":[-0.4316,0.8647,0.2569,0,0.9004,0.4303,0.0639,0,-0.0553,0.2589,-0.9643,0,0.4344,0.2013,0.3907,1]},
{"frame":69,"values":[-0.4474,0.885,0.1291,0,0.8772,0.4061,0.2563,0,0.1743,0.2279,-0.9579,0,0.4344,0.2013,0.3907,1]},
{"frame":70,"values":[-0.436,0.8999,0.0138,0,0.819,0.3903,0.4206,0,0.3731,0.1946,-0.9071,0,0.4344,0.2013,0.3907,1]},
